Price,Close,High,Low,Open,Volume
Ticker,WST,WST,WST,WST,WST
Date,,,,,
2015-01-02,49.81862258911133,51.66198833070828,49.65625536050125,51.165329844755874,268900
2015-01-05,49.130943298339844,50.076505460636604,48.787106155512014,49.42702922952531,338400
2015-01-06,48.29045104980469,49.49389024316234,48.023017284143535,49.17870526249383,430400
2015-01-07,49.073631286621094,49.29330650065688,48.395499333293465,48.72979055388288,393100
2015-01-08,50.03829574584961,50.25797097489925,48.653383208095164,49.302859382442605,247500
2015-01-09,49.465240478515625,50.19112383579198,49.41748561770811,49.89504151270796,218400
2015-01-12,49.55120849609375,50.15292639534926,49.1978144547956,49.57031117212037,201900
2015-01-13,50.12425231933594,50.916996632754106,49.63714704544213,49.80906741116025,245800
2015-01-14,49.31241226196289,49.95233527645601,48.80620064324787,49.665802529019366,189100
2015-01-15,48.54832077026367,49.551187147069584,48.471910099078556,49.551187147069584,207600
2015-01-16,49.63951873779297,49.687377165014944,48.05059485502118,48.251602440171865,205600
2015-01-20,49.39065170288086,49.77352644376315,48.816343242921555,49.69695003504104,238700
2015-01-21,48.816341400146484,49.773524564855244,48.64404813838979,49.409793939884,202600
2015-01-22,48.816341400146484,49.24707455453823,48.37603802070782,49.19921612657559,474600
2015-01-23,48.529178619384766,49.37150067810612,48.462176101785005,48.68232775266471,251800
2015-01-26,49.18963623046875,49.31407104903481,47.629426840545804,48.35688800146355,389300
2015-01-27,48.586612701416016,49.17049497846104,48.031448400388186,48.72062140298085,255000
2015-01-28,47.67729568481445,48.969491521998926,47.46671421600711,48.71105162428922,229500
2015-01-29,48.04102325439453,48.11759966266818,47.06469595709031,47.830445434370255,295800
2015-01-30,47.198707580566406,47.926165247180805,47.02641430269588,47.543290484943114,849800
2015-02-02,47.08383560180664,47.447566203944405,46.576529724794014,47.21784430359912,355500
2015-02-03,47.74427795410156,47.916571146124554,47.17953996944011,47.30397110150808,255200
2015-02-04,47.97400665283203,48.31859308627352,47.37098404567247,47.39969836467158,275900
2015-02-05,49.18006134033203,49.285352049792934,48.25159270384575,48.25159270384575,225000
2015-02-06,48.78762435913086,49.400220966241754,48.586613130689514,49.18963951328596,212200
2015-02-09,47.696434020996094,49.00777380149663,47.53371100076146,48.67275753694938,195700
2015-02-10,48.43346405029297,48.5674727532393,47.73472081606706,48.155883722599356,231900
2015-02-11,48.86419677734375,48.99820182781833,48.03144849842049,48.24202994994555,300800
2015-02-12,48.60576629638672,49.122646149299555,48.56748173982481,49.03649950714741,311000
2015-02-13,49.151344299316406,49.21834681544863,48.404742747349694,48.70147078405191,141200
2015-02-17,49.32364273071289,49.67780309776352,49.07477673758888,49.29492840687341,183200
2015-02-18,50.118099212646484,50.194671948969635,49.0843398870605,49.093913761202856,279100
2015-02-19,51.35287857055664,51.687891219768794,49.58208751387578,50.07025297571522,475300
2015-02-20,51.44858932495117,51.754887611148774,50.835992752555974,51.42944522564338,618100
2015-02-23,51.821903228759766,51.869761663441594,50.74028507840088,51.065727546147606,381600
2015-02-24,52.386634826660156,52.43449325522603,49.256645400446516,50.44355414624607,642000
2015-02-25,52.558929443359375,52.62593197534893,52.21434290663357,52.45363870698603,310000
2015-02-26,52.59720993041992,52.740785198746835,52.281337767646214,52.56849195566365,373500
2015-02-27,52.37705612182617,52.73121281751374,52.252621306609235,52.37705612182617,347800
2015-03-02,52.941795349121094,53.12365881254705,52.099473250071895,52.38662743229944,295700
2015-03-03,52.367488861083984,52.683361050831444,52.156911052616266,52.683361050831444,213300
2015-03-04,52.18562698364258,52.46321097989271,51.87932866066451,52.26219973870508,188800
2015-03-05,52.44406509399414,52.6833608788895,52.0803344785713,52.19519543293918,164700
2015-03-06,51.61131286621094,52.415346845348715,51.27630022963849,51.97504347974952,225200
2015-03-09,51.95589065551758,52.18561617585634,51.37200845721301,51.78359742810432,203800
2015-03-10,51.56344985961914,51.97503886305662,51.12314653312998,51.65917035539737,205300
2015-03-11,51.841041564941406,52.08033736309039,51.41030839800041,51.67832217485487,662100
2015-03-12,52.05162811279297,52.54936385965501,51.439031393997986,52.29092393428254,581800
2015-03-13,51.88890075683594,52.08990835390762,51.486885562692564,52.04204992384734,440100
2015-03-16,53.25767517089844,53.28638949981365,52.14734275268386,52.14734275268386,206300
2015-03-17,53.52568435668945,53.52568435668945,52.769512381612145,53.114098927907754,243300
2015-03-18,53.87026596069336,54.109561745737466,53.09494995402334,53.3438159638691,419700
2015-03-19,54.329708099365234,54.49243111593922,53.5926803669416,53.78411405510363,524800
2015-03-20,55.43048095703125,55.43048095703125,54.492441825500194,54.7604519626907,637200
2015-03-23,55.43048095703125,55.5357716970316,54.98060366843495,55.36347842273362,366000
2015-03-24,55.832496643066406,56.17707952072684,55.3347609512937,55.37304550345771,327400
2015-03-25,55.43048095703125,56.196226814264335,55.24861745698973,56.157938608561615,458100
2015-03-26,55.19117736816406,55.4017588184792,54.65515351798177,55.28689421756344,342300
2015-03-27,55.861209869384766,55.89949807215843,55.05717586795769,55.23903935408663,257600
2015-03-30,57.14382553100586,57.182113727132545,55.861200171668536,56.110066143765316,328100
2015-03-31,57.63199234008789,57.71813896329702,56.492945789979345,56.98110755392196,700900
2015-04-01,54.45414352416992,57.43098341542074,54.0521283929165,57.43098341542074,739900
2015-04-02,54.25313949584961,54.93273863424804,54.061702141710434,54.33928612264405,224600
2015-04-06,53.640533447265625,54.5019959122979,53.60224525290067,53.78410869908941,301400
2015-04-07,53.49695587158203,53.927688940468215,53.07579667720625,53.55438816455462,278900
2015-04-08,53.8223991394043,54.04255078914468,53.353381518633206,53.68839410489827,254800
2015-04-09,53.65011215209961,54.09041550281765,53.066229875495196,53.67883012809514,212700
2015-04-10,53.98512649536133,54.05212901801176,53.5831077080951,53.994696719441265,196900
2015-04-13,54.14784622192383,54.21484874501683,53.841547930251934,53.95640887678798,171800
2015-04-14,54.18613052368164,54.49242879332188,53.90854657576912,54.01383729058858,434100
2015-04-15,54.482845306396484,54.80828761689367,54.04254207788933,54.233979375481105,285300
2015-04-16,53.707542419433594,54.971023774490504,53.6788280958889,54.60729318701544,243100
2015-04-17,53.200233459472656,53.79368590341381,52.9609377069231,53.31509439831469,237300
2015-04-20,54.06340789794922,54.62926596986004,53.12350873180328,53.631820612830026,251400
2015-04-21,54.25522994995117,54.62927107916922,54.130548354010195,54.504593141833126,213200
2015-04-22,53.833229064941406,54.35113013513937,53.56468383967101,54.09218142934262,137100
2015-04-23,54.28400421142578,54.351139614801696,53.51673984526881,53.833238454273925,163600
2015-04-24,55.03208541870117,55.195127481794124,53.61264554920199,54.28399952500211,365400
2015-04-27,53.64139938354492,55.28142697759458,53.52631069061256,55.175927484655084,294900
2015-04-28,53.7181510925293,54.02506052637597,52.83579790336209,53.651015682858116,301000
2015-04-29,53.065975189208984,53.90996418019145,52.7207053026229,53.555105089469166,335000
2015-04-30,51.099853515625,52.807020818449274,50.91762937494481,52.44256887848387,918300
2015-05-01,51.41634750366211,51.86711687161006,50.955988932793964,51.128623854195105,440400
2015-05-04,51.72325134277344,52.33706274834895,51.406752778808496,51.61775182145179,358500
2015-05-05,50.917625427246094,51.46430146550731,50.57235558021696,51.41634813310987,616300
2015-05-06,51.253292083740234,51.3587915889165,50.62029871128662,51.20533876100666,244600
2015-05-07,51.752017974853516,52.06851651047693,50.97516458487646,51.31084152392775,181600
2015-05-08,51.819149017333984,52.87414038900747,51.445107985583945,52.289100351201945,211300
2015-05-11,51.77121353149414,52.289118365544645,51.66571399212031,51.89589513790004,145100
2015-05-12,51.43552017211914,51.58897300104318,50.86966217947349,51.56019808032965,156600
2015-05-13,51.69448471069336,52.03016170989589,51.56980311444461,51.63693851428511,218100
2015-05-14,52.24116516113281,52.35625390501499,51.36840123126543,51.88630240803785,176600
2015-05-15,51.98220443725586,52.346656336353405,51.675298730206755,52.346656336353405,215000
2015-05-18,52.64396286010742,52.74946237022454,51.93424486976274,51.98219819474211,133000
2015-05-19,52.49052047729492,52.73029080854071,52.17402554252504,52.461749208299,137400
2015-05-20,52.55765914916992,52.73029409110213,52.2123892653055,52.55765914916992,140900
2015-05-21,52.442562103271484,52.74946780508544,51.98220355055056,52.57683289048952,167300
2015-05-22,52.874149322509766,53.55509611888058,52.0685209416217,52.413790770374376,262200
2015-05-26,51.79038619995117,52.87414900965571,51.62734414767409,52.538468385419236,325000
2015-05-27,53.219425201416016,53.382467273192944,51.76162112462387,52.01098066340182,232800
2015-05-28,52.711097717285156,53.36327317454477,52.40419205017523,53.15227415643015,160400
2015-05-29,51.92466735839844,52.84538464113894,51.828760680089935,52.53847888022544,230700
2015-06-01,52.46173858642578,52.778233457115284,51.752016939848694,52.260332427022995,151800
2015-06-02,52.65355682373047,53.056369152323946,51.88628897356416,52.058923873991155,126900
2015-06-03,53.977088928222656,53.99627099131311,52.46174253012159,52.701512830845544,253600
2015-06-04,52.77823257446289,53.631814181222204,52.43296278777281,53.631814181222204,156500
2015-06-05,53.1618766784668,53.286558271704415,52.05893172154399,52.7207001591396,148800
2015-06-08,52.9604606628418,53.31531965313877,52.81659703127603,53.19063808302206,129300
2015-06-09,52.979652404785156,53.181058598895056,52.67274302412581,52.90292414496912,140100
2015-06-10,53.67977523803711,54.06340551789527,52.902918159022434,53.315323362358136,192700
2015-06-11,53.78528594970703,53.80446435787829,53.34410573106004,53.77569308701626,161700
2015-06-12,54.00586700439453,54.082591602630174,53.372873519880685,53.64141510161242,225600
2015-06-15,53.40164566040039,53.92913962968953,52.89333375563509,53.48796312145532,224600
2015-06-16,54.5813102722168,54.590899474312536,53.11391722507531,53.248188006041936,187900
2015-06-17,54.59090805053711,54.91699585208627,54.37991264384409,54.77313584642353,247200
2015-06-18,55.94321060180664,56.14461678456088,54.71558412419955,54.71558412419955,302000
2015-06-19,56.125423431396484,56.288465453610826,55.463658824626286,56.10624137138235,318100
2015-06-22,56.80638122558594,56.85433455571258,56.202159021897415,56.59538218270322,313700
2015-06-23,56.79679870605469,57.02697618118847,56.34602930089394,56.79679870605469,286300
2015-06-24,55.95280075073242,56.79679328237281,55.703441233382016,56.79679328237281,268700
2015-06-25,56.48027801513672,56.585777507731095,55.80892060112089,56.240507771459896,255600
2015-06-26,56.230918884277344,56.70086651567996,55.95278452200027,56.68168445704669,310400
2015-06-29,55.521209716796875,56.393973456702106,55.31021068343372,55.914432859861776,278700
2015-06-30,55.70344161987305,56.173389390841514,55.31980765048254,56.12543605931887,417200
2015-07-01,55.933616638183594,56.240522336885476,55.54039348305903,56.144615678017836,321200
2015-07-02,55.19511795043945,56.288469846342764,54.87862308201677,56.288469846342764,266600
2015-07-06,55.41570281982422,55.482838201752394,54.399079231423976,54.71557408071336,266800
2015-07-07,58.168270111083984,58.398447525999174,56.11583348623326,56.11583348623326,900900
2015-07-08,57.842193603515625,58.264188051730855,56.8159769214657,57.54487708812924,8024700
2015-07-09,57.314693450927734,58.791679442672546,57.295515045646795,58.791679442672546,1218300
2015-07-10,57.46815872192383,57.88056403806959,57.14207454121873,57.88056403806959,395600
2015-07-13,57.90933609008789,58.197059779031036,57.669565739534406,57.80383655046752,442400
2015-07-14,58.33130645751953,58.503941331185096,57.640766962857285,57.90931213222799,267400
2015-07-15,58.11073303222656,58.88759016113417,57.89014478395506,58.46559207000206,479300
2015-07-16,58.70536422729492,58.72454629191329,58.18745945841302,58.44641184285397,343700
2015-07-17,58.542320251464844,58.87799722479708,58.14909708615939,58.67659104079774,249900
2015-07-20,58.9554557800293,59.03231887437311,58.32131967455529,58.52308942056774,240600
2015-07-21,58.80175018310547,59.31097984697891,58.73449357335654,58.84979009503895,279400
2015-07-22,59.0899772644043,59.25331365363956,58.75369430703207,58.92664087516903,373200
2015-07-23,58.43661880493164,59.234094978100146,58.34053901633232,59.16683839303882,280600
2015-07-24,57.45659255981445,58.50387843701168,57.33168589596272,58.21563539099236,335100
2015-07-27,57.38933563232422,57.437375528842196,56.82245605691009,57.293255839288264,256400
2015-07-28,57.466209411621094,57.63915599235812,56.707166492298576,57.63915599235812,372100
2015-07-29,58.23485565185547,58.34054563042223,57.22600309635267,57.37973297466539,362300
2015-07-30,57.43738555908203,57.62954884392041,56.447749590197624,57.62954884392041,263200
2015-07-31,57.523841857910156,58.1964113235211,57.32207211778949,57.71600508597167,438200
2015-08-03,57.49503707885742,58.03309355678986,57.1779671011803,57.84093026715614,278900
2015-08-04,57.946617126464844,58.35015671418683,57.350910594289964,57.56229056797845,227700
2015-08-05,58.321327209472656,58.59035357224654,57.92739417889261,58.31171703068256,290200
2015-08-06,57.466209411621094,58.67683181157062,56.87050289343376,58.42702212006694,271300
2015-08-07,57.35090255737305,57.42776932438241,56.69754969863014,57.043442819753935,197000
2015-08-10,57.51425552368164,58.225254952179135,57.36052562034083,57.61994551945533,280900
2015-08-11,57.3028678894043,57.687194429102036,56.91854501491607,57.19717790772694,166200
2015-08-12,57.005027770996094,57.17797071085353,56.13068456470445,56.83208116592853,181800
2015-08-13,56.97620391845703,57.57190688686811,56.57266426201381,56.928164006767645,145400
2015-08-14,57.06266403198242,57.23561060624506,56.591867874985944,56.82246086386314,212600
2015-08-17,57.75444030761719,57.764046819982894,56.409301333470815,56.735977732037284,206400
2015-08-18,57.77366638183594,58.01386954729235,57.48542331633012,57.48542331633012,149800
2015-08-19,56.98579788208008,57.91778363228922,56.72637803453446,57.37012073142934,140200
2015-08-20,54.92005157470703,56.67834050423162,54.891228367734314,56.33244735972124,208600
2015-08-21,53.88238525390625,55.02575120188035,52.86392233485356,53.872775073090715,362600
2015-08-24,52.489192962646484,53.651775320100974,51.874273489784905,52.402719682699754,540400
2015-08-25,53.08489990234375,53.75746950292665,52.81587352819437,53.75746950292665,363800
2015-08-26,55.49655532836914,55.84244858271804,53.10413309447357,53.8631762176047,498400
2015-08-27,54.85279083251953,56.178713231112255,54.00727472825078,55.99615649353529,661700
2015-08-28,54.63181686401367,55.669492791023686,54.29553018199719,54.86240988547812,228100
2015-08-31,53.661380767822266,55.18907290640754,53.45000449397897,54.506896858822756,292800
2015-09-01,52.546844482421875,53.42118388014932,52.200954994207876,52.81587452686768,603900
2015-09-02,53.4692268371582,53.4692268371582,52.72940063748172,53.19059028171976,403600
2015-09-03,53.17136764526367,53.901583584053036,53.12332774991856,53.46922086073791,205000
2015-09-04,52.88312530517578,53.33470472562422,52.28741886637373,52.45075891095143,167600
2015-09-08,54.37239456176758,54.48769106740173,53.53648848180282,53.776691673246354,209400
2015-09-09,53.7286491394043,54.9296651197938,53.62296281190634,54.9296651197938,217700
2015-09-10,54.535728454589844,54.86240492647793,53.72864562199631,53.74786231624969,183100
2015-09-11,55.22751235961914,55.48693222282372,54.237876472927596,54.381996175679355,144000
2015-09-14,54.679847717285156,55.26594401970838,54.47807794061108,55.246727326899986,163100
2015-09-15,54.996925354003906,55.227518369584104,54.362789063343506,54.98731517364895,180500
2015-09-16,54.72789764404297,54.996927727443286,54.151411415003814,54.996927727443286,190300
2015-09-17,55.246734619140625,55.765574397822924,54.63181502894377,54.86240804266266,232300
2015-09-18,54.670249938964844,55.467722659285734,54.487693160719964,54.71828984605719,442100
2015-09-21,54.42042922973633,55.67909515124533,54.2570928345745,55.1890786353409,143500
2015-09-22,54.0265007019043,54.382000394522315,53.50766093524464,53.988067312105116,169000
2015-09-23,54.43003845214844,54.708671336950424,53.87276535212563,54.22826500874156,337700
2015-09-24,55.602237701416016,55.77518430482777,54.112978541112675,54.112978541112675,563500
2015-09-25,53.47884750366211,55.880879827156114,52.8927510302959,55.880879827156114,504300
2015-09-28,52.20096969604492,53.32511909606633,51.019166533935994,53.267468999189376,476800
2015-09-29,52.17212677001953,52.84469636590015,51.53799056023711,52.200953642197895,399100
2015-09-30,51.99918746948242,53.459623358559774,51.90310765601034,52.76783697288894,1059900
2015-10-01,51.720558166503906,52.55646433092435,50.855825123855034,52.037624505335025,440800
2015-10-02,52.27781677246094,52.27781677246094,50.7213012868855,51.249747517737894,265500
2015-10-05,52.93115997314453,52.97919986437809,51.797400947030525,52.738996743001536,341500
2015-10-06,51.59563446044922,52.78703996513861,51.14405139089926,52.78703996513861,347400
2015-10-07,52.29703140258789,52.335464787187135,51.01914885373271,51.96074845036773,327300
2015-10-08,52.412330627441406,52.46037052809381,51.48995134016109,52.18173763822607,212600
2015-10-09,52.739013671875,52.99843356605879,52.095270859248885,52.42194735579033,172200
2015-10-12,53.45001983642578,53.52688295846569,52.73901671520332,52.80627332144205,140800
2015-10-13,52.83509063720703,53.68060315267652,52.78704707126556,53.23863020160708,158300
2015-10-14,52.642940521240234,53.24825001906921,52.43156050695751,52.95040036099126,217900
2015-10-15,53.89198684692383,53.91120354158954,52.191347853710205,52.729404308721044,402600
2015-10-16,54.14179229736328,54.70867191727128,53.53648295635008,54.04571249678611,174700
2015-10-19,53.80478286743164,54.411383883525275,53.41000920343692,53.833667580665434,191400
2015-10-20,53.361873626708984,53.881820605502355,53.1307885292662,53.72776264953003,198700
2015-10-21,53.05376052856445,53.86256575857343,52.370128542244096,53.747023203724034,129300
2015-10-22,53.44852828979492,53.63147462688196,52.55306899896895,53.21744320604344,246500
2015-10-23,54.902462005615234,54.940977416476315,53.843310245125956,54.0647720210613,264300
2015-10-26,55.02762222290039,55.17204946987895,54.46915991676352,54.89281831681051,179300
2015-10-27,55.47054672241211,55.79792034070652,54.536568290477476,54.95059973929192,330500
2015-10-28,57.733280181884766,57.81993802219675,55.06614851120679,55.53795312469024,513100
2015-10-29,57.87770462036133,58.349505507666215,55.663120106670235,57.18444197595905,295000
2015-10-30,57.78141784667969,58.522822936441415,57.46367490708554,57.771790831008396,358600
2015-11-02,58.580596923828125,58.792428002073315,57.81030710252509,57.91622264164768,268900
2015-11-03,58.84056854248047,58.975368797761746,57.78141685821198,58.4939372157392,311600
2015-11-04,59.72640609741211,59.73603678678981,58.88871610011024,59.01388935079776,236000
2015-11-05,60.217464447021484,60.29449159181385,59.273858966867714,59.707144461516855,280000
2015-11-06,61.27661895751953,61.38253450670641,59.68789673881218,59.92861256040711,248600
2015-11-09,60.901100158691406,61.38253178049924,60.506326375730254,61.0936735420209,383400
2015-11-10,60.75666809082031,61.42104606749441,60.35226729895931,60.70852566412711,284400
2015-11-11,60.23671340942383,61.26697657359337,60.23671340942383,60.85294517045634,169900
2015-11-12,59.254600524902344,60.30412152998543,59.1294272840122,59.745659126807496,229300
2015-11-13,59.678260803222656,60.130807683411646,59.02351353219538,59.02351353219538,319600
2015-11-16,60.2559928894043,60.304135324441766,59.659014941236215,59.7841882107595,237000
2015-11-17,60.708518981933594,60.93960774686943,60.0056293450911,60.284860531421096,218900
2015-11-18,60.650753021240234,61.04552677614615,60.13080602511103,60.86258042212021,270700
2015-11-19,59.98637771606445,60.621867292697644,59.649377059149764,60.621867292697644,259200
2015-11-20,59.92860794067383,60.46780898874048,59.90935023566692,60.03451980866431,309500
2015-11-23,60.34263229370117,60.90109468788629,59.610857910423256,59.832315995797245,151400
2015-11-24,61.32475280761719,61.37289890362587,59.49531502326167,59.947858206885535,243000
2015-11-25,61.25735855102539,61.498074362010435,61.016642740040346,61.498074362010435,215600
2015-11-27,61.74840545654297,62.19132158306974,60.76628836660313,61.23808920958957,114200
2015-11-30,60.708518981933594,61.96024030333846,60.5640917177511,61.96024030333846,332200
2015-12-01,61.584739685058594,61.72917065841451,60.689276465529254,61.01665015517474,152300
2015-12-02,61.363258361816406,61.93134767700254,60.756653645220496,61.68100124086989,163600
2015-12-03,59.678260803222656,61.62324491150586,59.31237175811174,61.62324491150586,261000
2015-12-04,60.467811584472656,60.54484240780701,59.639748598787435,59.736037127955385,266600
2015-12-07,59.84195327758789,60.564100724993864,59.65900690683799,60.467812194853956,254900
2015-12-08,61.07440948486328,61.180325018331246,59.42791439103774,59.61085706600789,213900
2015-12-09,60.49668502807617,61.29585942098037,60.21745387204842,60.804800899199584,246300
2015-12-10,60.698909759521484,61.14182604302983,60.45819390895837,60.67965205071255,144400
2015-12-11,59.29311752319336,60.64112379719501,59.09091346001624,59.89009167777935,282700
2015-12-14,59.13906478881836,59.90935840196729,58.59023297692065,59.28349575954183,504300
2015-12-15,59.57233810424805,59.976742510357,58.82130607251437,59.54345338703712,228500
2015-12-16,60.313751220703125,60.487066893305396,59.264230169070125,60.005635285639464,207700
2015-12-17,59.74564743041992,61.045514662808664,59.51456237112689,60.66999501365361,289300
2015-12-18,58.36876678466797,59.59160350261188,58.339882063726755,59.43754553587266,717800
2015-12-21,58.48430252075195,58.87907621925208,58.03175571770389,58.68650287712326,243900
2015-12-22,58.80204772949219,58.994621079206766,58.272473772550455,58.811678417145046,226700
2015-12-23,58.657623291015625,59.23534340409986,58.3302533352089,59.07165475316495,237200
2015-12-24,59.331626892089844,59.65900051341849,58.6383679145356,58.65762194546834,83400
2015-12-28,59.7745475769043,59.79380160810752,58.86945384302917,59.15831206048721,154700
2015-12-29,59.87083435058594,60.390781362551635,59.34126032270901,60.03451933229831,140600
2015-12-30,59.678260803222656,60.04414984833358,59.48568742826788,59.90934958777472,184100
2015-12-31,57.98361587524414,59.639737875819144,57.95472748517185,59.51456831995349,275800
2016-01-04,55.46091842651367,57.25184455249822,54.84468657091288,57.07852888398155,472400
2016-01-05,54.758026123046875,56.07715127857637,54.57508344746964,55.460915779356995,447500
2016-01-06,55.12392044067383,55.17206286802439,54.01662624645195,54.026256935741124,377500
2016-01-07,53.910709381103516,55.249088571830846,53.56407805944119,54.26696771813138,343200
2016-01-08,53.381126403808594,54.69062074523627,53.28484156759876,53.968473454569335,429800
2016-01-11,53.15004348754883,53.75664826480833,52.25458051689045,53.55444422370102,391200
2016-01-12,53.97811508178711,54.324742766212395,53.06339426028241,53.47742575135262,293500
2016-01-13,53.72776412963867,54.23808410719346,53.1500476970852,53.97811061063494,551300
2016-01-14,54.700260162353516,55.0661455367678,53.467792758596595,54.17068245959033,348000
2016-01-15,54.256404876708984,54.767801437046735,52.64502131748273,54.03447799805663,518700
2016-01-19,55.0283203125,55.21165391638665,54.294996939372496,54.73885065681299,439000
2016-01-20,56.166900634765625,56.69759558379573,54.11166363138688,54.54586624735306,592100
2016-01-21,54.806400299072266,56.40813652012323,54.806400299072266,56.33094632000865,545300
2016-01-22,55.906375885009766,55.906375885009766,54.83533861266162,55.144106711487304,438600
2016-01-25,55.230960845947266,56.28270357802873,55.086224155525976,55.838846111780015,346700
2016-01-26,55.25990295410156,55.510775695524885,54.603769715540025,55.366042695752206,649900
2016-01-27,54.8160514831543,55.481832143789305,54.51693071520166,55.22130831637382,498800
2016-01-28,53.10816192626953,55.124805543334816,52.91518095376069,55.124805543334816,454700
2016-01-29,55.21165084838867,55.21165084838867,53.03097195638924,53.185356009563925,833000
2016-02-01,55.086212158203125,55.48182152094632,54.51692027710378,54.94147549930429,408700
2016-02-02,54.88359832763672,54.980087005273454,54.150271126691905,54.7099157632449,255700
2016-02-03,54.86430358886719,55.25991308338612,53.966944838722995,55.25991308338612,238600
2016-02-04,54.073062896728516,54.8160372454607,53.77394220646827,54.68094798866821,207400
2016-02-05,52.74150466918945,53.880088492438766,52.65466340535497,53.880088492438766,314600
2016-02-08,53.84149932861328,54.1020231577203,51.9888903404836,52.34590284075314,431600
2016-02-09,53.59062194824219,54.49762789360479,53.33009814162806,53.38799354781116,345700
2016-02-10,53.70640563964844,54.99937351513114,53.64851023717382,54.005526364557845,230900
2016-02-11,52.722206115722656,54.111666334811666,52.326596732411225,53.030974235341034,522300
2016-02-12,53.24326705932617,53.33975574061846,52.645029137538025,53.1371273014203,224500
2016-02-16,54.33359146118164,54.632708497086846,53.45553145881625,53.76429956860587,209400
2016-02-17,54.87394332885742,55.028327410524696,54.343248278176596,54.61341950089261,415000
2016-02-18,54.217811584472656,55.24060845475157,53.29150706845041,54.43009108303036,560500
2016-02-19,57.13180923461914,57.17040617281294,54.04412411444091,54.217806655506394,579100
2016-02-22,57.36338806152344,57.82654028452258,56.44673100981805,57.41163239460126,389600
2016-02-23,57.54670715332031,57.76863398829558,56.630050274383514,57.31513292587046,329800
2016-02-24,59.5730094909668,59.73704094961119,56.93882563169265,57.218647899645795,592300
2016-02-25,60.30632781982422,60.354572145918844,59.43791522689629,59.64054728578357,455700
2016-02-26,60.70195007324219,61.06861365487401,60.10371220485852,60.566864459169125,386400
2016-02-29,59.84318161010742,60.65369888377413,59.804584673074125,60.54755914733582,431800
2016-03-01,61.36772537231445,61.464217717346585,59.76598925284707,60.12300540825606,373200
2016-03-02,61.58000946044922,61.859831760779954,60.89493032306586,61.38702843674503,296100
2016-03-03,61.89842987060547,61.90808094641672,61.28088984692871,61.44492500845741,262300
2016-03-04,62.23614501953125,62.419478655150236,61.56071325215013,61.879128824276926,311300
2016-03-07,62.58350372314453,62.58350372314453,61.99491329591958,62.0335102342834,283100
2016-03-08,61.69580078125,62.68965183236167,61.62825797049962,62.18789892826092,282400
2016-03-09,61.90806579589844,62.390516405798095,61.44490997128544,61.985252298657194,358100
2016-03-10,61.64754104614258,62.2843794126974,61.030004827332554,61.956309155547586,188500
2016-03-11,62.834373474121094,62.89226519471708,60.451066154753065,61.994906717416825,260200
2016-03-14,62.58350372314453,63.23963695210284,62.49665877142263,62.81507799171415,276000
2016-03-15,62.40016555786133,62.988755942182884,62.08174636077995,62.08174636077995,212100
2016-03-16,62.42912292480469,63.05631036026727,62.08175780244431,62.08175780244431,286600
2016-03-17,62.47736358642578,62.67999199033952,61.136151273653965,62.274735182512046,232300
2016-03-18,63.18175506591797,63.3361354818047,62.2361483327595,62.525621734766936,597200
2016-03-21,63.10456466674805,63.22999922169324,62.80544017170208,62.94053316529321,247300
2016-03-22,64.0405044555664,64.2431328531602,62.95981230678648,62.95981230678648,253200
2016-03-23,63.07561111450195,64.09840430677663,62.901928557170976,63.96331869125408,418100
2016-03-24,63.056312561035156,63.11421165785872,62.477373124099955,62.86333520259487,147300
2016-03-28,64.1080322265625,64.18521872068538,63.094883114482876,63.37470532031069,194300
2016-03-29,66.45276641845703,66.50100707464699,64.18524209072463,64.18524209072463,500900
2016-03-30,66.05714416503906,66.703626289319,65.62294151120636,66.703626289319,503500
2016-03-31,66.88695526123047,67.14747536314867,65.82556534418099,65.85451120421497,577300
2016-04-01,68.09309387207031,68.13169081280647,66.28872554112672,66.53960197510492,403700
2016-04-04,67.51416015625,68.46941059447786,67.33082651275444,68.15099132786379,509700
2016-04-05,66.94483947753906,67.6781664165226,66.80975390478046,67.0702813391089,355000
2016-04-06,67.36942291259766,67.5045085346251,66.05715627437598,66.85802629183459,385700
2016-04-07,66.47205352783203,67.05099286651328,66.26942512737425,67.03169807858959,492600
2016-04-08,66.86767578125,67.0606531333911,66.33697702044083,66.8001329718392,307900
2016-04-11,66.25978088378906,67.37907010069951,66.01855552100118,67.00275912367951,311000
2016-04-12,67.64924621582031,67.69749423650865,66.20189393454322,66.22118872584993,227400
2016-04-13,68.51764678955078,68.93255466369659,67.84221142891572,68.16063064057455,451400
2016-04-14,68.6430892944336,68.85536879355047,68.38256913927175,68.78782598579636,379600
2016-04-15,68.79747772216797,68.90361747274544,68.04484839217845,68.57554714506581,240400
2016-04-18,69.1937484741211,69.21308316706529,68.18856566176548,68.81680307598154,244500
2016-04-19,69.5513687133789,69.61902539273528,68.79747789368643,69.43538267418583,318800
2016-04-20,69.54171752929688,69.88966835372085,68.80716123242559,69.57071957635446,196800
2016-04-21,69.36772155761719,70.11195235695646,69.08743488537331,69.52236959998233,268600
2016-04-22,69.94763946533203,70.08295280595448,69.10675738515769,69.15508673853314,309100
2016-04-25,69.85099792480469,69.99597864653674,69.41606313363434,69.93798930745425,260300
2016-04-26,69.54171752929688,70.03464909290194,68.97146929561836,69.84134635667829,430600
2016-04-27,69.68668365478516,70.0636290731924,69.12609551365765,69.73501301571949,465000
2016-04-28,69.85099792480469,70.94317963769713,68.81681292502057,69.74468659449539,298600
2016-04-29,68.8167953491211,69.74466878161583,67.95658596030887,69.74466878161583,507500
2016-05-02,69.44502258300781,69.48368458079669,68.54615141297712,69.12606663176614,333200
2016-05-03,68.3625259399414,69.38704321912144,68.13055391995778,69.07775456649973,250500
2016-05-04,67.66663360595703,67.86960361985514,67.27035354975777,67.840608957016,255100
2016-05-05,68.3238754272461,68.52684544834969,67.42500397720195,67.42500397720195,283000
2016-05-06,68.0339126586914,68.28521203048794,67.4539972710276,68.06290732197097,323500
2016-05-09,68.86511993408203,69.06808992900494,67.6666272799558,68.0049106048273,315400
2016-05-10,69.42572784423828,69.42572784423828,68.58484558935533,69.21309044364543,247000
2016-05-11,69.86063385009766,70.08293850663334,68.94243531550019,69.72532053708377,339900
2016-05-12,68.88443756103516,69.70599214391751,68.22719831914272,69.70599214391751,278900
2016-05-13,69.26142883300781,69.41606954284778,68.45920848951016,68.8071593041832,263700
2016-05-16,70.78849792480469,71.09778654296026,68.59448294195458,69.1743981792435,517600
2016-05-17,68.74913787841797,71.15579804399711,68.63315923122543,70.70152867842938,556000
2016-05-18,68.8167953491211,69.34838873502704,68.2658746464658,68.43019002194288,307400
2016-05-19,68.87479400634766,69.39672006171155,68.2852112794009,68.33353325966058,231000
2016-05-20,70.29558563232422,70.36324229827545,68.92311024956213,69.23239891877115,589500
2016-05-23,69.87998962402344,70.9721638012153,69.81233294710049,70.60488575135138,282700
2016-05-24,71.55206298828125,71.73570565854466,70.13126572134931,70.17959506847853,387700
2016-05-25,71.32976531982422,72.1899746013047,70.74984265336829,71.91934795643755,298200
2016-05-26,71.23312377929688,71.65839853736634,70.9431697502698,71.29112048432212,203000
2016-05-27,72.08366394042969,72.08366394042969,71.28144388691965,71.52307590009565,200200
2016-05-31,72.56692504882812,72.71190572570875,71.81303437787716,72.07399369704343,346800
2016-06-01,72.67324829101562,72.98253697993583,71.78403685809903,72.29630293183237,311400
2016-06-02,73.1951675415039,73.1951675415039,72.25763421630133,72.49926621252783,212400
2016-06-03,72.73125457763672,73.42715613350606,72.41229846885898,73.27250806596811,248700
2016-06-06,72.85688018798828,73.13717420134505,72.16098620112945,72.59592086466918,321700
2016-06-07,73.71708679199219,73.92972413032608,72.80855549277926,72.86654481268,271100
2016-06-08,74.49031066894531,74.6739533437118,73.29181804578751,73.66876336576475,309700
2016-06-09,74.82862091064453,75.10891500887456,74.48067012484351,74.48067012484351,252700
2016-06-10,74.0650405883789,74.6352959629128,73.84274327001935,74.49998262807908,285800
2016-06-13,73.29181671142578,74.26800463819768,73.18549804628854,73.85240469596336,429100
2016-06-14,72.85688018798828,73.25316021950002,72.51859685256586,73.25316021950002,463400
2016-06-15,72.38328552246094,73.34014623315498,72.23830483925907,72.8762168957377,351000
2016-06-16,72.52825927734375,72.56692128077262,71.64871529088913,71.93867662959406,290400
2016-06-17,71.41674041748047,72.9825181490264,71.12677912029793,72.9825181490264,876600
2016-06-20,72.34464263916016,72.58627471702911,71.46510571021058,71.46510571021058,533300
2016-06-21,72.14166259765625,73.22417681138995,71.59074183129731,72.32530531111749,460900
2016-06-22,72.61524963378906,73.01152967323077,71.82269692892945,72.36395765046016,382000
2016-06-23,73.22418212890625,73.33050082610202,72.38329989854653,73.05986672249665,636000
2016-06-24,70.41159057617188,71.70674243191893,70.05397979714292,70.05397979714292,6119900
2016-06-27,69.1937484741211,70.44057070413065,68.84580511539785,70.03463064059956,634200
2016-06-28,71.56173706054688,71.66805573500852,69.49336764215002,69.67700295565525,479700
2016-06-29,71.793701171875,72.48960253606501,71.55206916342145,72.24797052761146,448800
2016-06-30,73.34014129638672,73.35947598565821,71.73570866595111,72.07399198796855,618500
2016-07-01,74.07472229003906,74.33568903924247,73.39815548474341,73.40781545765826,350300
2016-07-05,73.34981536865234,74.3453381107657,73.25316403550015,73.84274675395982,453100
2016-07-06,73.4271240234375,73.5721046798471,72.72155542838948,72.76021742836687,672700
2016-07-07,73.7461166381836,73.97808137929188,73.27251243363703,73.4561551812786,306700
2016-07-08,74.69327545166016,75.1958740926085,73.65909088642815,74.18101684094094,258700
2016-07-11,75.12826538085938,75.6888463202631,73.39817843880441,73.39817843880441,588200
2016-07-12,75.94010925292969,76.23007062005695,75.0412378636638,75.17655120191682,526000
2016-07-13,75.3118667602539,76.35571886385466,75.27320475189565,75.90144948317523,522600
2016-07-14,75.66949462890625,76.27840474803082,75.24421985578905,75.87246466861444,289500
2016-07-15,75.18624114990234,76.02712346814046,75.14757913106111,75.69849999500302,196400
2016-07-18,74.9732437133789,75.67990248352118,74.7021989419543,75.19589185300119,234200
2016-07-19,74.96356964111328,75.21524985424666,74.70219976193052,74.77964323616364,273600
2016-07-20,75.97030639648438,76.3768735246179,75.43789178672696,75.72830109848839,344200
2016-07-21,74.9345474243164,76.39625456331684,74.66349520214129,76.0187267713453,199300
2016-07-22,75.52503967285156,75.7864096326933,74.71190509871829,75.03135398944998,246200
2016-07-25,75.02167510986328,75.48632873432155,74.65382955517215,75.48632873432155,276900
2016-07-26,75.56373596191406,75.60245769793352,74.5376358063545,75.00228925317195,214000
2016-07-27,75.9218978881836,76.04773797694223,75.16684258480146,75.58309196812945,277800
2016-07-28,77.44169616699219,78.03218969109876,74.54731484066724,75.52501093727624,504300
2016-07-29,77.71276092529297,78.5355776817784,77.37395489443632,77.40299435630725,377700
2016-08-01,78.361328125,78.54525455139759,77.73212013337739,77.88699971448821,300400
2016-08-02,78.22579193115234,78.60331961373635,77.66434524001187,78.18707019634684,277300
2016-08-03,78.37100982666016,78.40004928631492,77.87731685627817,78.13868676400504,185600
2016-08-04,78.89373016357422,79.24221839684782,78.16771424182353,78.56460649071353,277200
2016-08-05,79.11637115478516,79.34869416085947,78.85500131071326,79.25189352377977,171900
2016-08-08,78.06122589111328,78.97116814647285,77.84826005386611,78.97116814647285,170200
2016-08-09,78.72919464111328,78.85503478419373,78.24518386483999,78.28390561319206,131600
2016-08-10,78.99053955078125,79.42615358328787,78.2064446318527,78.8356599774178,260700
2016-08-11,78.78726959228516,79.40680276379594,78.70015120195612,79.19383685132324,196400
2016-08-12,78.40971374511719,78.64203675496421,77.63529386507336,78.46779265122511,223700
2016-08-15,78.5839614868164,78.99052861922411,78.53555747254211,78.5839614868164,177100
2016-08-16,77.64500427246094,78.44846389662227,77.5675607793186,78.44846389662227,185600
2016-08-17,77.557861328125,77.82890608289665,77.04480388754648,77.82890608289665,321700
2016-08-18,78.53556823730469,78.55493279983494,77.47074624605743,77.6256332046328,138200
2016-08-19,79.14543914794922,79.21320035688184,78.16773537442027,78.16773537442027,369500
2016-08-22,78.9518051147461,79.20349268958127,78.2451537888451,79.20349268958127,139900
2016-08-23,78.73885345458984,79.64879589143706,78.73885345458984,79.47455175215603,168400
2016-08-24,78.46780395507812,79.12605873231713,78.28388493076973,78.88405340811774,249200
2016-08-25,78.45812225341797,78.87437167034821,78.13867348068682,78.25483129955943,299900
2016-08-26,78.9518051147461,79.26157159707574,78.09026685497254,78.52588081742752,186000
2016-08-29,79.96825408935547,80.2683383812033,78.90343195127893,79.0583115457941,272600
2016-08-30,79.81334686279297,80.10375618378875,79.45518373703611,79.78430740777655,165100
2016-08-31,79.21318817138672,80.27801017027521,79.05830121169988,79.88111787514022,331600
2016-09-01,79.11637115478516,79.522938261769,78.79692240554849,79.44549479793916,276500
2016-09-02,81.34284210205078,81.36220666708464,79.46487810631905,79.46487810631905,329900
2016-09-06,80.82979583740234,81.40092498155222,80.47162522104901,80.91691422803484,300200
2016-09-07,80.78136444091797,81.63322780518334,80.34575786449354,80.75232498721174,218100
2016-09-08,79.87144470214844,80.89754498324947,79.82304067984798,80.38449484269896,137100
2016-09-09,77.6256332397461,79.60039764997516,77.60626867720707,79.46486786845207,271700
2016-09-12,79.7068862915039,79.79401206640367,77.76116840556328,78.25485405012965,383700
2016-09-13,77.58689880371094,79.41645823717373,77.46105132405113,79.20349239659448,278500
2016-09-14,78.1773910522461,78.36131005080534,77.52881126127816,77.86762457605566,245800
2016-09-15,79.86175537109375,80.53936731098501,77.77082586728714,78.24516161062726,286100
2016-09-16,78.78726959228516,79.72625163250498,78.72919066539913,79.70688706659767,494400
2016-09-19,78.71947479248047,79.69717816190641,78.62267416050307,78.88403660538356,239200
2016-09-20,78.71947479248047,79.48421234030721,78.70979251365829,79.37772942950761,370900
2016-09-21,72.57257080078125,76.3865777566094,71.60454933060498,75.43791346625287,1593300
2016-09-22,72.2337417602539,72.78551352712431,71.7884529120265,72.78551352712431,1061800
2016-09-23,70.2299575805664,72.21439707742236,70.2299575805664,72.21439707742236,1166900
2016-09-26,69.4942398071289,69.823363455793,68.95215032207496,69.62007989889777,608400
2016-09-27,71.15924835205078,71.30445302519747,69.32000639149783,69.81369932602998,532100
2016-09-28,72.36927032470703,72.39830978038268,70.91723845759647,70.91723845759647,581500
2016-09-29,71.38188934326172,72.34991065342145,71.13988401572179,72.34991065342145,568800
2016-09-30,72.11759185791016,72.408001222243,71.09149157199009,71.372218654734,440100
2016-10-03,72.0982437133789,72.31120223709884,71.0043747047017,71.76911256687018,390800
2016-10-04,70.90753173828125,72.41764199626934,70.75264484750635,72.33052365926855,296900
2016-10-05,71.60453796386719,72.30151449342061,70.83980023757478,71.01404436996313,440400
2016-10-06,72.51446533203125,72.52414022569077,71.00434736924994,71.40123957174058,429900
2016-10-07,73.02752685546875,73.25984989198108,72.39831155389071,72.40799383449178,675200
2016-10-10,73.18241882324219,74.18916199933803,73.14369707969034,73.17273654099988,182200
2016-10-11,71.79815673828125,73.0275482451374,71.28510649739574,73.0275482451374,561400
2016-10-12,71.58517456054688,72.03047087251635,71.21732911306846,72.03047087251635,361400
2016-10-13,70.73332977294922,71.5755111255477,70.684925744423,70.94629568179604,318000
2016-10-14,70.51065826416016,71.43028280412304,70.50098336998857,71.24635641904737,238600
2016-10-17,70.4136962890625,70.74340843166522,70.21004924828654,70.35551353416106,220200
2016-10-18,70.76278686523438,71.28645370165003,70.6852049490353,70.97613343547246,301600
2016-10-19,70.53005981445312,70.96644521540082,70.44277829509163,70.55915118803365,389700
2016-10-20,70.2973403930664,71.45134796869534,70.21006623959332,70.35553056067117,220800
2016-10-21,69.51179504394531,69.90938935300738,69.41482136358512,69.90938935300738,208900
2016-10-24,69.98700714111328,71.07313215444094,69.84154284668044,71.07313215444094,144600
2016-10-25,68.97846984863281,69.8027651199178,68.90089529724317,69.73488276331312,251000
2016-10-26,68.43538665771484,68.823288871199,68.04748444423068,68.80388969128416,453100
2016-10-27,70.22943115234375,70.78218944199641,68.70692095813418,68.9493589342734,633900
2016-10-28,71.08283233642578,71.15071468790778,70.15186380378493,71.02464217899734,569300
2016-10-31,73.73025512695312,74.03087592730586,70.55916883695548,71.3543653077448,1195700
2016-11-01,72.01380920410156,73.97270563100777,71.78106332078006,73.50722866161085,741200
2016-11-02,72.17864227294922,73.26476718573716,71.86832192624134,72.01378620720892,442300
2016-11-03,72.39200592041016,72.98355537645023,72.14956786133217,72.29503217650344,422700
2016-11-04,73.10962677001953,74.12786966487138,72.21745641181246,72.68293338191047,416600
2016-11-07,75.0685043334961,75.43700742244359,73.933888893788,74.17632688882145,845400
2016-11-08,75.22366333007812,75.85400361806467,74.53514028888752,75.0006171117614,485700
2016-11-09,75.21397399902344,75.60187633674975,71.46103793297226,73.17749597423743,425000
2016-11-10,75.15579223632812,76.2128185370877,74.83577224855581,75.80552440644392,484100
2016-11-11,75.20426940917969,75.58247209150534,74.75817698521665,75.02001416443933,324200
2016-11-14,74.8842544555664,75.48549599121442,74.54484271792302,75.16548343779121,464500
2016-11-15,76.91104125976562,77.04680596995412,74.56424281379667,74.90365458926792,368600
2016-11-16,77.1243667602539,77.70621641552832,76.63949081442193,76.78495507789549,368600
2016-11-17,77.76444244384766,78.09415468781889,76.54255242490652,76.74619952829285,242100
2016-11-18,77.7159423828125,78.19111889938897,77.43471335094658,77.67715140614592,285300
2016-11-21,77.88079833984375,78.87964194162794,77.3765304413607,77.74503362107438,281600
2016-11-22,78.09415435791016,78.2299190929275,76.72680741277172,77.8614158691123,269000
2016-11-23,79.0348129272461,79.10269529271109,77.26016443186052,77.98747866125235,183400
2016-11-25,79.55847930908203,79.68454444414877,78.92813883650263,79.3063416403257,83400
2016-11-28,79.2093505859375,79.70392622082147,78.94752077842318,79.07358588594914,322300
2016-11-29,79.8493881225586,80.36336297460227,79.18996376618456,79.5584669180327,310400
2016-11-30,78.69539642333984,80.69308368712812,78.6469058514795,79.80091339442875,392900
2016-12-01,77.30863952636719,79.26753553655362,77.04680231298741,78.74386850841552,395100
2016-12-02,78.13291931152344,78.84084153568223,77.18255908436268,77.18255908436268,306600
2016-12-05,78.99600219726562,79.81059777781012,78.1135316668486,78.42385203119386,400700
2016-12-06,80.86763000488281,80.91612057111692,78.89903435317304,79.42270139429048,332000
2016-12-07,80.95492553710938,81.32342874886928,79.76212694862342,80.71248746127769,316000
2016-12-08,81.6822280883789,82.00224067977848,80.7512594994762,81.0809790827588,240000
2016-12-09,81.66282653808594,82.40953982652198,81.21674144306905,81.65312694510554,262400
2016-12-12,81.89556884765625,82.40954371919223,81.02279780235735,81.02279780235735,247100
2016-12-13,81.9246597290039,82.91380360432885,81.63373114287353,82.00223427316689,318200
2016-12-14,82.09921264648438,83.88355287892928,81.55614646383593,82.39013382423289,226800
2016-12-15,82.7198257446289,82.94286449988542,81.50763607896096,82.16706755302906,244500
2016-12-16,82.07014465332031,83.71872820674017,81.94407950220611,82.87504093770993,664100
2016-12-19,82.43863677978516,82.82653914038559,81.99255165461243,82.46772816207131,376800
2016-12-20,81.70160675048828,82.5355940700387,81.15854799305848,82.3028556595146,367600
2016-12-21,82.06043243408203,82.77804697828243,81.45918341678754,81.60464772404191,278300
2016-12-22,81.3816146850586,82.37076621615631,81.27494133565348,82.20590269522455,247800
2016-12-23,81.50765991210938,82.19618295570129,81.08096665746959,81.61433322576933,341600
2016-12-27,82.23497009277344,82.9525844796345,81.51734830729198,81.89555098405798,250600
2016-12-28,82.18647766113281,82.95258258852235,81.96343145751501,82.13798710424453,196200
2016-12-29,82.65196990966797,83.00107383854083,81.90525669306477,81.97313904015407,211500
2016-12-30,82.26409149169922,83.16596144974373,82.07983618242056,83.10777127918973,284100
2017-01-03,81.52706146240234,82.48711400171685,81.22644066896343,82.41923164840414,566300
2017-01-04,82.7198257446289,82.91377313168836,81.944021399154,82.0991852276964,611100
2017-01-05,82.4580078125,83.64110638514742,82.18647844801443,82.89440063281208,446700
2017-01-06,84.00961303710938,84.39751531655929,82.3513380061161,82.3513380061161,458300
2017-01-09,84.21327209472656,85.14424065779623,83.48595799138077,84.22297168771857,303800
2017-01-10,85.04727172851562,85.62912901358004,83.73810763436614,84.14540181501305,508100
2017-01-11,83.36959075927734,84.8533103158784,82.97198883960176,84.84361072308543,291500
2017-01-12,83.40837860107422,83.56353508683053,82.38043636362616,82.82652883190094,246300
2017-01-13,83.39868927001953,84.36990956351532,83.16559106450812,83.52494524063778,206900
2017-01-17,81.83499145507812,83.04901633907303,81.43678773641426,82.63139148258598,479000
2017-01-18,81.92240905761719,82.3497482472236,81.24255799217143,82.21377803413445,337300
2017-01-19,81.310546875,81.6990363917919,80.98032819228946,81.6990363917919,187400
2017-01-20,81.13575744628906,81.74762366349003,80.91237348201469,81.3979837079969,196200
2017-01-23,80.0285415649414,81.37853697598258,79.55264576783881,81.0191828541907,414400
2017-01-24,81.87386322021484,82.22350307388153,80.04796455999508,80.48501808198937,387800
2017-01-25,82.11666107177734,82.9713320782205,81.79615666567821,82.45658661923649,322100
2017-01-26,81.3785400390625,81.98069922017912,80.78609513452797,81.84472157749566,244500
2017-01-27,81.2911148071289,81.66989003191446,81.10658803724677,81.5824837845736,252900
2017-01-30,81.02888488769531,81.20370478406937,80.29075561302479,80.90262895524427,211600
2017-01-31,82.19438171386719,82.34006625925166,81.15517615786617,81.17460471582345,448400
2017-02-01,82.06809997558594,82.78680078819609,81.56306877451915,82.60227400444437,292700
2017-02-02,82.1069564819336,82.72853681627538,81.32027049218085,81.50479729124284,317700
2017-02-03,83.94255065917969,84.02025004287081,82.77708954309719,82.77708954309719,474100
2017-02-06,83.1558609008789,83.85513309204654,82.76737141034974,83.85513309204654,266700
2017-02-07,83.19473266601562,83.71918509609571,83.03933386464176,83.51522972665953,152200
2017-02-08,83.5249252319336,83.53463950729184,82.47600578787319,82.68967538682857,323800
2017-02-09,83.5249252319336,83.91341473823236,82.42744923072398,83.5249252319336,249900
2017-02-10,83.4375,83.8259820080928,82.21376092701358,83.51519195572696,163900
2017-02-13,83.93283081054688,84.32132029338534,83.44722080945394,83.81628915256974,368900
2017-02-14,84.42817687988281,84.63213224381045,83.60264114689313,83.74832566679072,193500
2017-02-15,84.4572982788086,84.83607352175788,84.11737272870297,84.30190691725514,276300
2017-02-16,79.69832611083984,83.65119197240054,79.05732464103588,83.65119197240054,973600
2017-02-17,80.7375259399414,80.84436074596931,78.27062594498884,78.99904103527643,448300
2017-02-21,81.06774139404297,81.65047196101946,79.75659576589055,79.75659576589055,511000
2017-02-22,80.84436798095703,81.73789620313846,80.7569617190146,81.40767747954872,321600
2017-02-23,81.359130859375,81.36884513827029,79.78575853022957,81.08719032889671,306200
2017-02-24,81.708740234375,81.77672534156154,80.90263322339763,80.90263322339763,255900
2017-02-27,81.33966827392578,81.66017262577982,81.1939838040085,81.61160866586742,269300
2017-02-28,80.09649658203125,81.31052130915111,80.07706803689875,81.28138590127126,330300
2017-03-01,82.00983428955078,82.39831643331053,80.72782394960663,81.0094786907078,514700
2017-03-02,80.55302429199219,81.9030200878002,80.46561060077342,81.9030200878002,257900
2017-03-03,79.35840606689453,80.543295962372,79.338984922136,80.42674686435336,417800
2017-03-06,79.047607421875,79.41666841136795,78.77566696542529,78.89221605097018,318200
2017-03-07,78.85336303710938,79.63033467857673,78.69796426292308,78.8339344854254,216600
2017-03-08,78.17350769042969,79.09617127754423,78.03753746240383,79.09617127754423,262400
2017-03-09,78.95049285888672,79.1835836377806,78.16380684898097,78.32891250862153,390000
2017-03-10,79.03788757324219,79.59148272336253,78.53285639113042,79.30012114477461,392300
2017-03-13,79.60118865966797,79.65945948731668,78.65910409363818,78.85335253550124,331700
2017-03-14,79.31954956054688,79.55264773658024,78.79508977920456,79.55264773658024,216200
2017-03-15,80.55302429199219,80.7569796917376,79.21273536534554,79.61093929567498,343000
2017-03-16,79.85372161865234,80.64040756605472,79.25156246037815,80.64040756605472,172100
2017-03-17,80.32962036132812,80.81523045231172,79.42638529570576,79.73717545754238,500200
2017-03-20,80.2713394165039,80.63068609630896,79.9411207430976,80.32961024894342,164700
2017-03-21,77.82388305664062,80.88322860488701,77.71704822661954,80.22279847831263,692100
2017-03-22,77.5130844116211,77.77531802398774,76.78466923699294,77.57136266427054,443900
2017-03-23,77.2896957397461,77.85300516446665,77.12459010451387,77.51307220863175,440000
2017-03-24,78.6979751586914,79.29042010011351,77.24114479319228,77.24114479319228,593600
2017-03-27,78.76594543457031,79.14472066542764,77.7170259907403,78.12494404766599,257200
2017-03-28,79.13501739501953,79.26127334110082,78.60084337348073,78.63969306684913,225900
2017-03-29,79.33897399902344,79.39724483509899,78.85336393886992,79.00875530501187,142100
2017-03-30,79.59149932861328,79.65948445211639,78.85337724767183,79.30013768923831,157400
2017-03-31,79.26126861572266,79.7954426054152,78.87277911502088,79.4360885205474,386200
2017-04-03,79.63034057617188,80.0868152468749,79.15444476216788,79.15444476216788,323500
2017-04-04,78.4939956665039,79.69830632367696,78.18320558046506,79.56233612414871,280000
2017-04-05,77.84329986572266,78.96991143526223,77.81416444553606,78.53286531281935,538900
2017-04-06,77.86271667480469,78.07638629070789,77.27998607404608,78.05696514827196,224500
2017-04-07,77.26055908203125,78.19292945461738,76.92062613165604,77.49364982272252,343200
2017-04-10,76.74581909179688,77.53251251449547,76.20193813571669,77.08575209916927,643100
2017-04-11,77.03718566894531,77.57135974080323,76.5030115970874,76.62927496488402,636600
2017-04-12,76.89147186279297,77.12456995615354,76.35730540426829,77.05657745489228,423900
2017-04-13,76.34761810302734,76.94977727554158,75.72603778744832,76.75552879578449,348600
2017-04-17,77.12586212158203,77.26205755283058,76.07520529015518,76.24059181846644,354300
2017-04-18,77.68040466308594,77.90415862904575,76.58111041648515,77.14535309403837,464300
2017-04-19,78.41000366210938,78.7504922744805,77.64146798156024,77.94304997145616,278100
2017-04-20,79.6455078125,79.73305885429916,78.06952226125293,78.78941359706396,339300
2017-04-21,79.67469787597656,80.03463986166976,79.34393215112468,79.6552371392872,306700
2017-04-24,80.20003509521484,80.76427034449479,79.94709744561526,80.73508665840583,232100
2017-04-25,80.61831665039062,81.0852702677558,80.27782066936501,80.65723068885337,438300
2017-04-26,81.71761322021484,81.78571093434792,80.40429592073737,81.00744498246058,626300
2017-04-27,90.17150115966797,91.23188095745975,85.60893184857697,85.60893184857697,1198600
2017-04-28,89.52945709228516,90.95951699623197,88.25505340035006,90.0547856746797,840700
2017-05-01,90.66765594482422,91.03733569912004,89.58781520734233,89.58781520734233,496700
2017-05-02,91.7085952758789,91.93234923285614,90.47310559423937,90.89142240086007,438700
2017-05-03,91.8155746459961,91.93231676781394,91.0081324252292,91.3875350435193,395800
2017-05-04,93.20674133300781,93.40131158045827,91.54320468331058,92.08799395407583,384500
2017-05-05,93.9266357421875,94.23794070151777,92.80788099324892,93.29429545608346,306400
2017-05-08,93.62506866455078,94.33523715930706,93.09974007023042,93.92665072664573,276500
2017-05-09,92.9440689086914,93.6347764992291,92.71059206365916,93.60559282136197,425300
2017-05-10,92.31175231933594,92.6230573331507,91.77669334773387,92.34093600467841,377000
2017-05-11,92.30200958251953,92.50630277464035,91.45565313260413,91.94206761539542,225100
2017-05-12,91.85450744628906,92.57440621138446,91.77667934918213,92.32146860683484,243100
2017-05-15,92.9635238647461,93.22619181438805,91.5140109356355,91.5140109356355,191500
2017-05-16,93.63478088378906,93.80016001417701,92.66195199148996,93.25537820956005,362900
2017-05-17,93.42074584960938,94.0239023606036,92.40900303540674,93.63476936712651,363900
2017-05-18,92.49658966064453,94.19904053137284,92.44794523835644,93.0511019330836,379000
2017-05-19,92.72029876708984,92.97323630112503,92.09768900799844,92.51600563570926,219400
2017-05-22,92.98298645019531,93.52776824979084,92.370099503555,92.72031849532222,216000
2017-05-23,92.71060180664062,93.38184873441169,92.43820346636568,92.98299272481971,204600
2017-05-24,93.02191925048828,93.22621246652452,91.85451990187104,92.89544672001573,212200
2017-05-25,93.84880828857422,94.16984361754324,92.71060021906123,93.24565167858053,161400
2017-05-26,94.40333557128906,94.62708210511003,93.26512731985999,93.7320811256323,260800
2017-05-30,94.714599609375,94.92862310364205,94.12117352875951,94.20872454618127,213400
2017-05-31,94.38385009765625,95.26912789815788,94.3060294318202,94.85081120314739,226400
2017-06-01,96.20303344726562,96.3878732828252,94.1892782535544,94.79243474394742,303700
2017-06-02,96.24197387695312,96.79648611358428,95.84311042181857,96.73811874828509,230600
2017-06-05,96.51432800292969,97.19531250079324,95.8819879056612,96.47541396687234,226700
2017-06-06,96.55326080322266,97.0591285260921,94.64651719841494,95.92092058306469,316600
2017-06-07,96.73809814453125,97.15641482497163,95.86255074104035,97.06885637357519,190500
2017-06-08,96.1252212524414,96.72837784251195,95.77500225460632,96.72837784251195,236400
2017-06-09,95.27886199951172,96.59217949092476,94.2865723947319,96.17386277951665,269400
2017-06-12,93.4791259765625,95.07457221007549,92.38956235243089,95.00647448356726,480100
2017-06-13,94.97727966308594,95.15238915612161,93.16781737574897,93.95581380545715,263800
2017-06-14,94.31576538085938,95.7458251498703,93.73206948508447,95.12321520476426,207800
2017-06-15,93.62506866455078,94.0628462041995,92.72033732245966,93.29431033966215,202400
2017-06-16,93.36241149902344,94.09203333640612,92.46741049313734,93.03164573991944,483600
2017-06-19,94.34493255615234,94.38383917351976,93.31372906565694,93.81960415656279,263400
2017-06-20,93.45966339111328,94.98700432447988,93.31373758533282,94.07254286887746,186900
2017-06-21,93.93634033203125,94.10172685787057,93.15808179682796,93.95580106311552,241700
2017-06-22,93.83908081054688,94.45196038482658,93.71261571740547,93.71261571740547,190200
2017-06-23,93.80016326904297,94.26712441927208,93.44994426189506,94.16984301108559,413000
2017-06-26,94.05309295654297,94.16983508980418,93.14836183453005,94.0822766343345,234500
2017-06-27,93.18727111816406,94.23792799755337,93.08025935699878,93.83906462919283,275700
2017-06-28,93.61534881591797,93.73208355934355,92.54523085386934,93.17757126178068,282600
2017-06-29,91.85450744628906,94.1017473621528,91.07624874150724,93.6056025207159,337500
2017-06-30,91.95179748535156,92.3117469016768,91.32918749426224,91.73778133136805,256800
2017-07-03,90.89141082763672,92.69114293501772,90.83304346459501,92.3409239125754,158500
2017-07-05,91.72802734375,91.8642227803508,90.5119913583181,90.9205776681205,212200
2017-07-06,91.1832504272461,91.96150904588943,90.74547299604514,90.83303145112333,345000
2017-07-07,93.12890625,93.31373867886614,91.65020228650158,91.65020228650158,200000
2017-07-10,90.84276580810547,92.97326361015553,90.76494513193111,92.97326361015553,271400
2017-07-11,91.09571075439453,91.60158601180495,90.44391707859316,90.8427731256893,196300
2017-07-12,91.52375793457031,92.35066113478405,91.44592983000756,91.47511351369445,166400
2017-07-13,91.10543823242188,91.86424367236583,90.06451148904559,91.71831783650822,186800
2017-07-14,91.07625579833984,91.49457257508213,90.96924401205021,91.20272089936559,143300
2017-07-17,91.26132202148438,91.3977068351041,90.17997997606018,91.08596905648545,157100
2017-07-18,91.4366683959961,91.54382894646133,90.89112918083805,90.89112918083805,237600
2017-07-19,91.61201477050781,91.94323286095353,90.05332610167594,91.4561421874177,236900
2017-07-20,91.06651306152344,91.88482216217747,90.94960857610847,91.84585400037248,168700
2017-07-21,90.59891510009766,91.37826357930223,90.02415135680818,91.056781774199,216400
2017-07-24,91.5048599243164,91.55357196766806,90.25790891162274,90.59887091784142,239000
2017-07-25,92.02122497558594,92.1186416829065,91.34903705996288,91.57310217597669,442100
2017-07-26,90.27741241455078,92.30371204588141,90.18973963293769,91.87506973821864,300600
2017-07-27,89.87801361083984,91.87508181165416,77.95402320504142,86.70217890904954,3065000
2017-07-28,87.23798370361328,90.11181705845658,86.46837918495368,88.89408980090987,790600
2017-07-31,86.40989685058594,87.60814337657538,85.49417128643046,87.53995096826152,749200
2017-08-01,85.53316497802734,86.99443767743043,85.19219540223278,86.99443767743043,739100
2017-08-02,85.11422729492188,85.86434366477451,83.84778856591845,85.66951036758039,569600
2017-08-03,85.25064086914062,85.81566059471372,84.65638944994762,85.12399249403683,354000
2017-08-04,84.16928100585938,85.31881544474004,83.81857507993546,85.29932765306937,300700
2017-08-07,84.812255859375,84.87071181502934,83.8575619618798,84.30568464900847,450000
2017-08-08,84.4712905883789,84.81225268185293,83.3704679916153,84.44206632785487,347100
2017-08-09,84.13034057617188,84.60768757558338,83.50686482073966,84.38362992444661,357900
2017-08-10,82.50344848632812,83.90626504517266,82.2891273285059,83.90626504517266,366000
2017-08-11,82.73723602294922,83.61400086929433,82.18195285899984,82.34756193208305,250000
2017-08-14,82.90286254882812,83.64324273409794,82.74699733911781,83.49711399020806,219300
2017-08-15,83.21458435058594,84.02315680272807,82.63007692018044,82.96130250460652,249900
2017-08-16,83.7698745727539,84.21799722151712,83.02950190040555,83.32175192399069,274100
2017-08-17,83.107421875,84.1400593251104,82.99052485105868,83.77960949232285,331900
2017-08-18,82.95159912109375,83.69197952515756,82.10405810200416,83.12695217909784,249400
2017-08-21,83.07821655273438,83.67246800125093,82.49370900257193,83.04899229008876,236100
2017-08-22,83.65299224853516,83.90627416037105,82.7957075241147,83.07822113262444,192000
2017-08-23,82.3573226928711,83.17563176208452,82.3573226928711,83.17563176208452,242000
2017-08-24,83.39969635009766,83.41917671393213,82.17222532086151,82.77622065356235,213200
2017-08-25,83.22433471679688,83.88677850473216,83.20485435498222,83.56529679167186,125700
2017-08-28,82.51319885253906,83.47764422521682,82.3281093570335,83.47764422521682,340000
2017-08-29,82.88339233398438,82.97106513160399,81.93843476452373,82.17223632392694,210800
2017-08-30,83.71143341064453,83.77962583204837,82.41576997155498,82.68853965717037,140200
2017-08-31,84.79277038574219,84.88044316531538,83.23408125652958,83.71142817650993,295300
2017-09-01,85.23114776611328,85.33830833879766,84.03290853688382,84.87070532382575,319300
2017-09-05,85.2701416015625,85.7377521897696,84.62718540424818,84.9876279550817,520100
2017-09-06,86.61448669433594,86.90673670500284,85.00708562221364,85.56236881813783,1255300
2017-09-07,86.96519470214844,87.37435665355636,86.3222386626497,86.72164928383206,493000
2017-09-08,89.06942749023438,89.46883809709523,86.6631976543612,86.94571122136817,690100
2017-09-11,88.98174285888672,90.08257281228137,88.84535803088635,89.8292835178168,501200
2017-09-12,88.95252990722656,89.13762681121881,88.4459586863223,88.93304954321421,285700
2017-09-13,88.64077758789062,88.95251538812198,88.5531048155203,88.76742594675724,273300
2017-09-14,89.31298065185547,89.40065343935555,88.07577313404846,88.54337619888233,263100
2017-09-15,93.43379211425781,93.75526650128263,91.43671619247674,91.57310106755835,761400
2017-09-18,94.25208282470703,94.31053135041098,92.6544253745198,93.40454203991558,367500
2017-09-19,92.11859893798828,94.20334672343964,92.07963078665841,94.20334672343964,353000
2017-09-20,92.23551940917969,92.78105875770399,91.60229984683329,92.34267998584212,268300
2017-09-21,91.69967651367188,92.5472168595278,91.35871456961937,92.22573526981559,370200
2017-09-22,92.7518539428711,92.859014542,91.75819171653312,91.8458645163198,149600
2017-09-25,92.80052185058594,92.96613090410253,91.59253156838278,91.8653086024512,193900
2017-09-26,92.74211883544922,93.2779218818896,92.66418992794571,93.02463249335247,380000
2017-09-27,93.2583999633789,93.47271365405268,92.53750028891345,93.29736068356313,247300
2017-09-28,93.82343292236328,93.85265718286023,92.32319228005142,93.15125263368479,420300
2017-09-29,93.77474212646484,94.2423452281984,93.43377998303052,93.71628616443518,436200
2017-10-02,94.07673645019531,94.7391803737558,93.63835761166413,94.17415314404475,390900
2017-10-03,92.17707824707031,93.78447216049865,91.95301317822923,93.78447216049865,336700
2017-10-04,92.53752136230469,92.5667456253056,91.32953808629335,91.91404564356228,380300
2017-10-05,92.39139556884766,92.7323651345382,91.73869556623602,92.61546064637999,276500
2017-10-06,92.9856185913086,93.52142137423104,92.26472638262504,92.54723990158281,222500
2017-10-09,91.64127349853516,92.85900064050168,91.29056748705547,92.71287189698236,178700
2017-10-10,92.06990051269531,92.06990051269531,91.23210378381796,91.65100214825664,269600
2017-10-11,91.52436065673828,92.18680445875232,91.28081525059218,92.04068316099742,200600
2017-10-12,92.60570526123047,92.72260973488842,91.31978578065758,91.86533255864522,459200
2017-10-13,92.71288299560547,93.09281331478701,91.66076483521776,92.39140120786186,179300
2017-10-16,93.19995880126953,93.38505569737202,92.28423308338887,92.53751496683654,258500
2017-10-17,90.73165893554688,92.7121444934258,87.58043782864397,90.25361249409866,2153800
2017-10-18,90.15606689453125,91.54143043566525,89.71703820503348,90.77069812785746,654000
2017-10-19,90.02921295166016,90.5755517046073,89.10238721815233,90.27311524398402,499700
2017-10-20,91.5511703491211,91.73653849233051,90.38044220212322,90.47800164048837,327000
2017-10-23,90.25360870361328,91.97067552744237,90.18531635770312,91.7365314047943,312200
2017-10-24,90.15606689453125,90.78045630583979,89.9316734607912,90.61459705337587,219200
2017-10-25,89.41460418701172,90.78045885382619,89.0926512943387,90.2048454296554,710800
2017-10-26,98.46824645996094,100.83897734497371,95.74629563321973,97.56092951771387,995800
2017-10-27,98.6926498413086,99.11215473503076,97.57069754987101,98.7219169321907,616400
2017-10-30,98.87799835205078,99.50238769144609,97.96093069667471,98.34141771776534,475900
2017-10-31,98.92680358886719,99.51216779310587,98.24387248116398,98.93656176787559,546100
2017-11-01,98.42922973632812,99.4341062066312,98.24386157230019,98.87800915785625,500000
2017-11-02,97.56092834472656,99.74629105552216,97.55117016776582,98.43897818849072,317700
2017-11-03,98.48775482177734,98.77068240899848,97.40482791470296,97.65848841416125,206800
2017-11-06,98.14630889892578,98.77069834966437,97.62923708284313,98.19509234860917,256800
2017-11-07,98.5755615234375,98.80970566408617,97.74629513268793,97.96093036299423,197200
2017-11-08,98.77066040039062,98.92676142475345,98.1755382707938,98.40968980733803,278700
2017-11-09,98.95602416992188,99.22919350728051,97.70724580296462,98.53651198946221,326400
2017-11-10,99.1706771850586,99.44384657155183,97.80482280928487,98.72189784391863,252600
2017-11-13,99.15117645263672,99.66825566516638,98.16581635945698,99.05361700542103,269400
2017-11-14,98.39017486572266,99.4731015469915,98.03895499918644,98.87797940887775,282200
2017-11-15,95.97068786621094,97.83409772656846,95.90239551412053,97.77556355143614,469200
2017-11-16,96.2926254272461,97.12189920503177,95.48287544509404,96.13653182517501,370100
2017-11-17,96.54629516601562,96.91702401939253,95.67800348689764,96.03898160648363,215500
2017-11-20,96.7999267578125,97.00480375585792,95.96090241726114,96.91699507480645,176500
2017-11-21,97.3560562133789,97.68775981374306,96.94630207999666,97.07312861366968,417600
2017-11-22,96.1755599975586,98.11702028754702,96.02921712391353,97.59019040840946,240200
2017-11-24,95.08287048339844,96.41945774934182,94.63409115052069,95.91213680378792,97800
2017-11-27,94.83898162841797,96.03898437370911,94.5560540308565,95.08288395976663,273200
2017-11-28,93.99994659423828,95.38530989635217,93.24873077200425,95.15116576833616,446700
2017-11-29,97.44383239746094,97.9023698567742,94.39993682637139,94.39993682637139,407700
2017-11-30,97.49263000488281,98.6926326248776,96.97555830734221,97.88287518295553,341500
2017-12-01,96.69263458251953,97.35604917861929,94.54629718277157,97.15117212673218,288300
2017-12-04,96.9657974243164,98.35116069666181,96.88774690221899,97.29750842157667,344600
2017-12-05,97.06334686279297,97.87310419874876,96.67310173578839,96.85846984585957,279000
2017-12-06,96.77067565917969,98.08774654600352,96.73165039930177,97.04384503501784,250100
2017-12-07,97.18045806884766,97.48289461698312,96.45850915879396,96.9267975273063,218700
2017-12-08,97.19994354248047,97.44384584656075,95.40482615723731,97.10238410950988,331500
2017-12-11,96.66337585449219,97.21947288436193,96.56581640848687,97.12191343835663,175200
2017-12-12,96.58533477783203,96.91703841539166,96.136555327617,96.83899531693073,218900
2017-12-13,96.33167266845703,97.41459972711164,96.16582085238072,96.58533320342089,289200
2017-12-14,95.84385681152344,96.9267837442659,95.71703028044227,96.11702622819571,223500
2017-12-15,96.3218994140625,97.5901869057475,95.98043024004396,96.0682389384025,653800
2017-12-18,96.20484161376953,97.88289093928452,95.43410930991978,96.96581573968706,232500
2017-12-19,97.21946716308594,97.414586043614,95.99995555151513,96.12678207952756,272400
2017-12-20,97.8536148071289,98.24385256865307,96.8877562504245,97.19995092562876,208100
2017-12-21,97.31702423095703,97.91214647836036,96.95604612314105,97.8243377739476,248600
2017-12-22,97.11214447021484,98.03897026924461,96.45848806697036,97.53165674040162,393200
2017-12-26,96.77067565917969,97.34628149493763,96.55604045150478,97.06335394330318,161500
2017-12-27,96.9657974243164,97.75603849145713,96.15604000499759,96.79018747125097,156700
2017-12-28,96.60482788085938,97.22922466952072,96.04873088755078,97.22922466952072,129100
2017-12-29,96.26337432861328,97.24874187211094,96.22434906078767,96.60483611795145,347600
2018-01-02,97.0731201171875,97.37555660202575,96.02921852019227,96.58531549348304,335000
2018-01-03,97.190185546875,97.54140543396998,96.67310644848561,97.24871971362181,194400
2018-01-04,97.16092681884766,97.71703126659483,96.43897801945344,97.43410367580195,367500
2018-01-05,98.38042449951172,98.86822908138548,97.46335694703797,97.46335694703797,156600
2018-01-08,98.93655395507812,99.12191468174187,97.79508528714575,98.35118235375522,153900
2018-01-09,99.8145751953125,100.04872676325671,98.82921525928384,99.29750350855721,236400
2018-01-10,97.76580047607422,99.72677712114475,97.42433873273053,99.72677712114475,190100
2018-01-11,96.67311096191406,97.60970233343254,96.15603928269095,97.60970233343254,469700
2018-01-12,95.35604858398438,96.86824593961302,95.06337026707139,96.86824593961302,414300
2018-01-16,95.44384765625,96.87799433863054,95.08286958085186,95.7560422954323,335900
2018-01-17,97.07545471191406,97.78866593125082,95.10189561303534,95.66856168728566,771800
2018-01-18,96.32315826416016,97.51510851296133,95.39500419381831,97.28062881853367,391500
2018-01-19,98.29671478271484,98.80475534927268,96.21569171108145,96.21569171108145,351300
2018-01-22,97.97431182861328,98.20879154370489,97.5737426259141,97.8082223410057,206700
2018-01-23,98.0719985961914,99.32257430999005,97.70073847342331,98.01338053837928,372200
2018-01-24,97.99384307861328,98.6288919116754,96.63580341835237,97.99384307861328,549800
2018-01-25,98.69729614257812,99.4789051382039,97.96454050441987,98.58006001101732,244900
2018-01-26,99.185791015625,99.38119697401358,97.7007430017475,98.83407519847584,300700
2018-01-29,100.04556274414062,100.43636720858154,98.69728771451823,98.81453129004305,364900
2018-01-30,98.46278381347656,99.8599043989816,97.92543432918899,99.71335182909469,313100
2018-01-31,97.89614868164062,100.1530410791072,97.6128230656668,99.3518952259304,504300
2018-02-01,97.83753204345703,98.5605155180917,97.35880044779125,97.70075158755253,277000
2018-02-02,96.5380859375,97.79842620993837,96.4794678865874,97.55417439250397,199700
2018-02-05,93.07948303222656,96.47947174669417,92.87431239184974,96.26452894611629,348500
2018-02-06,92.10247039794922,92.86454231610914,91.01799920551234,91.82890955993099,386700
2018-02-07,92.04387664794922,92.77663228065084,91.3013488530317,91.83870596526985,330400
2018-02-08,88.34099578857422,92.19040682741213,88.03812591937748,92.14155348219862,395800
2018-02-09,89.15193939208984,90.36342667315397,87.20769644478935,89.2887198534692,377100
2018-02-12,89.84561157226562,90.50020482846928,88.53642505985833,89.41572587375533,635800
2018-02-13,90.86167907714844,90.93984145025462,88.94674565989189,89.74789134929487,486200
2018-02-14,92.85479736328125,93.13813044395316,90.08009207758198,90.6369860764265,571000
2018-02-15,86.30884552001953,91.9168743623421,85.06804918063428,91.9168743623421,1038600
2018-02-16,85.43931579589844,85.59564059741392,83.719787703089,84.61863294987259,667100
2018-02-20,87.57894897460938,88.04791583974506,84.66747088956116,85.17551149398066,760900
2018-02-21,85.09735107421875,88.39964116818159,85.05826988005626,87.50078861039535,511900
2018-02-22,84.76516723632812,85.81056489471199,84.40367180156915,85.40998826803514,520900
2018-02-23,84.58930969238281,85.2145938853717,83.88586311177642,85.2145938853717,536800
2018-02-26,84.2571029663086,85.29273571771746,84.0617044983308,85.0973297957659,375700
2018-02-27,85.263427734375,85.49791486408056,83.68068060572215,84.48182633061326,455400
2018-02-28,85.21459197998047,86.3283798897112,85.15597391756582,85.4783807148218,536700
2018-03-01,83.5927505493164,85.12665186531477,83.13355587983077,85.03872477744301,248900
2018-03-02,83.76862335205078,83.93472029680954,82.78185111576956,83.04563986854377,301500
2018-03-05,85.1950454711914,85.47837852222011,83.3973553661509,83.48528245751747,227000
2018-03-06,87.61804962158203,87.87207370718012,85.16575824140654,85.3025387211954,675300
2018-03-07,86.88525390625,87.78409877556062,86.65077425642411,87.05134334762776,497200
2018-03-08,87.59848022460938,87.76456968069166,86.71917214244677,87.36399310004978,252900
2018-03-09,89.92375183105469,90.76397869644538,87.93065606575404,87.93065606575404,530100
2018-03-12,89.89443969726562,90.5392606100559,89.13237523034357,90.14845621692376,282200
2018-03-13,89.95308685302734,90.54906206824654,88.94677024653546,90.23641994337551,583500
2018-03-14,90.05077362060547,90.44157808594564,89.38640826571977,90.26571644924132,335200
2018-03-15,89.21053314208984,90.24616593676969,88.83927305583047,89.94328860858334,358500
2018-03-16,88.88814544677734,89.33756800137515,88.04791840218886,89.19101538588168,505500
2018-03-19,87.96974182128906,88.97605818923307,87.29560437116272,88.88813110650761,332400
2018-03-20,88.81974792480469,89.37664185475845,85.66401068575001,87.95020446535754,285500
2018-03-21,87.93067169189453,89.1030776661963,87.53986721580215,88.8392889308698,242200
2018-03-22,86.83641052246094,88.44847413960284,86.79732933401195,87.35423067892918,215300
2018-03-23,84.149658203125,86.49447783078003,84.04218677553418,86.49447783078003,423100
2018-03-26,85.39045715332031,85.39045715332031,83.3191985659468,84.91172556452233,401900
2018-03-27,84.28642272949219,86.13297352081607,83.82723552584493,85.38067366991102,378400
2018-03-28,84.5111312866211,85.4197483720235,84.00309077135188,84.4329689138184,418200
2018-03-29,86.2599868774414,86.8754988748266,84.55999603658573,84.96056520676416,722700
2018-04-02,83.14334106445312,86.20137946834596,82.93817037330626,86.04505468234296,402400
2018-04-03,82.13700866699219,83.56343852176136,81.17953817199596,83.39734905909071,731000
2018-04-04,83.92493438720703,84.25711331436065,81.40425358925727,81.40425358925727,404800
2018-04-05,83.06515502929688,84.59905614898314,82.77205731992737,84.39388551623232,406400
2018-04-06,81.4042739868164,83.73932158470245,80.83760778253215,82.8404763700301,395300
2018-04-09,82.69391632080078,83.50483435551597,81.42380355669326,81.97093283940424,251900
2018-04-10,85.15595245361328,85.507668193425,83.29963725396313,83.5438890577599,357700
2018-04-11,85.32207489013672,85.52724559020035,84.27667706373073,84.61862823050346,351100
2018-04-12,86.11343383789062,86.52377516741139,85.13642641295067,85.41975946066026,264400
2018-04-13,86.81689453125,87.3347073582572,86.14275691285691,86.445634332673,445600
2018-04-16,87.44217681884766,88.09677009658196,86.45539709389035,87.05137230316372,405200
2018-04-17,89.20355224609375,89.53625167426537,87.21711328752582,87.76509979518279,398000
2018-04-18,89.9863510131836,90.81810679628958,88.26412209200552,88.80232096289,709500
2018-04-19,89.79066467285156,90.2310038635965,89.0567610445075,89.6536699261463,325900
2018-04-20,89.06655883789062,89.77110765630671,88.92956406382697,89.74175269981525,210800
2018-04-23,90.01570892333984,90.04506386896385,88.78275641321677,89.40902013870381,177500
2018-04-24,90.02552032470703,90.78877897643353,89.26226167298054,89.98637789825254,502500
2018-04-25,86.13093566894531,87.08990646320343,83.76287483552318,87.08990646320343,820700
2018-04-26,88.21520233154297,88.25434474748268,85.1328061335761,86.35597863549529,873600
2018-04-27,87.03120422363281,88.03909754104232,86.56150252542521,88.03909754104232,1022800
2018-04-30,86.31684875488281,87.90208323521998,86.25813885527336,87.14860468384876,528500
2018-05-01,85.87651062011719,86.25813990352346,85.22088438201209,85.98415041447831,543100
2018-05-02,83.78243255615234,86.0526405884648,83.66500529967561,85.7688636512191,514700
2018-05-03,84.26192474365234,84.37935201493158,83.08768189347589,83.6650158462107,334500
2018-05-04,86.1113510131836,86.68868489669032,83.86071044362325,84.08577748684051,272900
2018-05-07,85.72974395751953,86.8257095781938,84.97626526028878,86.15051573936586,241800
2018-05-08,85.73950958251953,86.38534083563013,85.40680275191768,85.48508759037142,213100
2018-05-09,86.01349639892578,86.24834344139155,84.22276996919861,85.84714672158138,217100
2018-05-10,87.25626373291016,87.65746804385668,85.9841683448359,86.2679453649957,314500
2018-05-11,88.14672088623047,88.1858633092379,86.98225806513395,87.30517745570499,261800
2018-05-14,88.13693237304688,89.04697316667308,87.0213994602991,88.21521721813711,281500
2018-05-15,87.28559875488281,88.08799972786808,86.94311190037449,87.6868029742022,209200
2018-05-16,86.94310760498047,88.22499757659956,86.63976318678165,87.48130653951365,291400
2018-05-17,86.52233123779297,87.1290275069516,86.15048947223605,86.67890090686078,198900
2018-05-18,87.30518341064453,87.7161676817745,86.46363992271878,86.94312157237042,313800
2018-05-21,88.20542907714844,88.55770341172915,87.7455149477984,87.80423231399764,200100
2018-05-22,88.17605590820312,88.70446730089543,88.02927372151325,88.35219303910056,163300
2018-05-23,88.92953491210938,89.0371746943965,87.62808498512896,87.92164191946883,231200
2018-05-24,89.26225280761719,89.67323704608948,88.4011344424519,89.00783079375893,282700
2018-05-25,89.56558990478516,90.9061897715531,89.02739843634998,89.57537737603761,310300
2018-05-29,90.23100280761719,90.33864260243357,88.68491072357614,89.11546990284167,321800
2018-05-30,92.10001373291016,92.73605756042367,90.49521175776285,90.90619599064489,422100
2018-05-31,91.00404357910156,92.50120568218871,90.95511368769021,92.34464346784823,557500
2018-06-01,91.00404357910156,92.20764873068035,90.99425610768864,91.66944978776844,390800
2018-06-04,93.26445007324219,93.29380501737879,90.74960782829483,91.12145702909737,333000
2018-06-05,92.99047088623047,93.63630959100333,92.69691394686794,93.26446034923,311900
2018-06-06,94.2625732421875,94.44849039720116,92.638196476823,92.99047077616342,194900
2018-06-07,93.25468444824219,94.62463182353461,92.49141845473935,94.45828213734242,178500
2018-06-08,94.67357635498047,94.7225062540872,93.40147363474998,93.40147363474998,305900
2018-06-11,95.1823959350586,95.36832055961595,94.0081532231196,94.56591963113858,254300
2018-06-12,96.2588119506836,96.41537419116284,94.81057203156455,95.21177630429136,388800
2018-06-13,96.6110610961914,97.01225779850093,95.67165803600034,96.6306285715213,268100
2018-06-14,97.8733901977539,97.93210756802962,96.48386770691393,96.74807720901914,389300
2018-06-15,98.86170959472656,99.0280592909848,97.39390234753418,98.00059869734237,657100
2018-06-18,99.32162475585938,99.40968960808966,97.81467507058169,98.92042052062239,284200
2018-06-19,99.517333984375,99.65432873791804,98.14738644894462,98.50944081231373,273900
2018-06-20,99.6934585571289,99.94788055253377,98.86170266845694,99.56625129225307,213000
2018-06-21,98.7540512084961,99.81087401928033,98.61705648846691,99.66409182906268,281400
2018-06-22,98.82255554199219,99.59560149708012,98.54856608259958,99.3216120376875,786700
2018-06-25,96.52301788330078,98.89107879149232,96.28817078030079,98.89107879149232,195600
2018-06-26,97.18840789794922,97.50153980454765,96.14137238535571,96.87527599135079,290900
2018-06-27,95.9456787109375,97.85382531838424,95.86739385892574,97.01228182339378,325700
2018-06-28,96.56212615966797,96.59148110395397,94.84968473023117,95.74993786137857,514400
2018-06-29,97.15906524658203,97.67768933262795,96.59151126101482,96.66979611398709,514700
2018-07-02,96.57196044921875,96.6893802832897,95.80870166513454,96.43496566569881,353100
2018-07-03,96.79700469970703,97.47219850075764,96.67958488432751,96.87528955372977,137000
2018-07-05,97.27648162841797,97.47218627326988,95.93588166765602,97.2471192126019,475000
2018-07-06,98.40178680419922,98.64642132387206,97.39389377765156,97.44282366784735,253800
2018-07-09,98.86170959472656,99.4292635220645,98.65621747599808,98.74428979296955,301000
2018-07-10,98.63665008544922,99.39990866016453,98.32351817106208,99.05742179531198,379900
2018-07-11,97.85382080078125,98.5779369843239,97.74618100064806,98.39201980144718,324500
2018-07-12,98.42137145996094,98.68557348239494,97.95166985094582,98.42137145996094,393800
2018-07-13,97.88317108154297,98.91063913718213,97.69724644188449,98.51922237952655,457700
2018-07-16,96.33706665039062,98.2158653532595,95.40745850252456,97.76573875261309,403600
2018-07-17,96.88583374023438,97.19941153297633,95.7589109775952,96.09208411150917,326100
2018-07-18,96.04310607910156,96.97403818486794,95.02397623444021,96.90544326629868,469200
2018-07-19,97.47380828857422,97.71879121581954,95.88631622856171,95.98430790420272,453700
2018-07-20,97.61100006103516,98.01276818199824,96.70946466524337,96.98384435298124,329900
2018-07-23,98.07157135009766,98.11076951725828,96.73886357178023,97.43461421723792,199900
2018-07-24,97.0034408569336,98.66932930083723,96.53307780841637,98.66932930083723,270800
2018-07-25,97.66979217529297,97.89517975915994,96.31748910094814,96.73886003717152,305400
2018-07-26,108.62542724609375,111.01646298202246,98.53213524078782,99.08089459934764,1410500
2018-07-27,107.43971252441406,110.33050809018788,106.26379745813317,109.59555930469091,541200
2018-07-30,106.8223648071289,108.18446937526892,105.99921822906873,107.351528862392,436000
2018-07-31,107.44950866699219,108.57643157809507,105.84242133293226,107.12612942291926,409900
2018-08-01,108.88020324707031,109.28197132489647,107.13592615405655,107.13592615405655,410200
2018-08-02,111.60443115234375,112.48637126008148,108.62543760858865,108.62543760858865,427200
2018-08-03,112.4471435546875,113.34867877188526,111.33002220375022,111.71219490400327,398900
2018-08-06,113.70145416259766,113.72105697990527,111.65340085472269,111.98657398610963,228700
2018-08-07,113.79945373535156,114.36781585625555,112.90771986922303,113.72106488952168,517800
2018-08-08,113.27031707763672,114.3482480758204,112.40797975537635,113.62309313589927,249800
2018-08-09,113.0057144165039,113.90724971496617,112.90772274950322,113.3388950558482,145000
2018-08-10,112.51575469970703,113.71127254021233,112.13358194430423,112.13358194430423,194800
2018-08-13,112.81952667236328,114.2208292122752,112.01598302910307,112.38836183597236,207500
2018-08-14,114.89698791503906,115.38695374836546,112.46675409217463,113.0253148431153,467100
2018-08-15,112.5843505859375,114.76960153100322,112.1335829084146,114.65200703745077,312900
2018-08-16,112.4373550415039,113.04491535388006,111.65341420996724,112.54514812073653,393300
2018-08-17,113.69168090820312,114.04445694425806,112.1531883250748,112.20218790419368,137100
2018-08-20,113.08411407470703,114.34822680225545,112.7313380820756,113.82886422318283,260500
2018-08-21,113.63287353515625,114.09344260807097,112.35896687258308,113.10370954561286,263300
2018-08-22,113.63287353515625,113.79946012178513,112.50595063944081,113.27029613224175,181700
2018-08-23,113.77006530761719,114.03465104504131,112.99591839173537,113.55447914417094,156100
2018-08-24,114.47562408447266,114.70101167131806,113.23111408036372,113.99545963145425,184400
2018-08-27,115.03416442871094,115.30854406739347,114.47560374245451,114.65199172107677,303300
2018-08-28,114.80877685546875,115.68091528269463,113.73084623639501,115.68091528269463,397500
2018-08-29,114.9949951171875,115.47515960533649,114.03466614088956,114.53442597545252,456300
2018-08-30,114.74018859863281,115.04397248153332,113.87785147350317,114.45601501093198,210000
2018-08-31,114.70100402832031,115.15177169568886,113.55447830179646,114.48541786647336,228500
2018-09-04,113.84846496582031,114.92638833829815,112.92732677734453,114.52462022981088,371200
2018-09-05,114.04444122314453,114.6324061863754,112.7607331710796,114.10324220523866,292600
2018-09-06,114.24044036865234,114.70100946784262,113.75047451441344,113.85826760044884,377800
2018-09-07,113.93663024902344,114.818570079059,113.28987935785328,114.13262103141128,229100
2018-09-10,114.68141174316406,115.1419808628211,114.23064403438734,114.52462655050893,227200
2018-09-11,114.1718521118164,114.87740417930608,113.79947325603794,114.2992405498908,174700
2018-09-12,115.35755157470703,115.39674973668572,113.62306841950337,114.11303422980961,268700
2018-09-13,116.47468566894531,117.05284179925629,115.83772855114023,115.96511698418695,399200
2018-09-14,118.1601333618164,118.70889256898941,116.46484870210912,116.46484870210912,466000
2018-09-17,116.60205841064453,118.6305165135033,115.69072172812626,118.16015353456243,340100
2018-09-18,117.32723999023438,117.87599941651789,116.18071407991137,116.47469661615551,329900
2018-09-19,117.89556884765625,117.92496559956142,116.62166224862881,117.27821462879345,363000
2018-09-20,117.68978118896484,119.55165268505458,117.42520295209594,118.55212576364642,504200
2018-09-21,119.14987182617188,119.54184593567264,117.62118102303165,117.62118102303165,503300
2018-09-24,120.30618286132812,122.01126899608558,119.34585421080769,119.66923338908414,538200
2018-09-25,120.12983703613281,120.99218181402063,118.7481370712779,120.5708108365399,280700
2018-09-26,119.89463806152344,121.40373372710793,118.79711937839676,120.30620756769595,355300
2018-09-27,120.24742126464844,120.50220560690478,119.05190336208301,120.19842916409368,307500
2018-09-28,120.99214172363281,121.42331396970908,119.94361533308874,119.94361533308874,656500
2018-10-01,120.53160095214844,122.57965464800279,120.28661802338391,121.72711884072505,245800
2018-10-02,119.3066635131836,121.06074184515165,118.76769818236394,120.25719829138323,270200
2018-10-03,121.49192810058594,122.25627358410766,118.65012484736828,120.0318245730533,729000
2018-10-04,117.19001770019531,120.60018299398396,116.80784497023859,120.60018299398396,376700
2018-10-05,117.97396850585938,118.57172739911475,116.40607939088015,116.95483871205163,208300
2018-10-08,117.19984436035156,118.86573294273327,116.1415161987848,117.93479322650295,208000
2018-10-09,116.39625549316406,118.2287299813017,115.68090972716996,116.80782490452644,261200
2018-10-10,112.81952667236328,116.180692486206,112.60394799231035,116.180692486206,493400
2018-10-11,111.81021881103516,113.16252950315632,110.29132898063916,112.15319345168675,565600
2018-10-12,113.61326599121094,114.38741281076503,111.88858437452987,113.11349880870704,242800
2018-10-15,113.23111724853516,114.11304984675535,112.54516053445882,113.26051400497103,161900
2018-10-16,116.92546844482422,117.12145182498314,113.29972357787712,114.14246556987658,212400
2018-10-17,116.54327392578125,117.13123143309745,115.22036766524849,116.57267067970426,187900
2018-10-18,114.1914291381836,117.00383554593978,113.51527393593182,116.27868824903567,228700
2018-10-19,111.48681640625,114.73039513162104,111.04585017057852,114.53440432310101,237300
2018-10-22,111.69258880615234,112.25114942782793,110.84984716975991,111.85917535662249,186700
2018-10-23,111.77108001708984,112.18319174950157,108.45454253952451,110.26980301564426,499900
2018-10-24,109.77922058105469,114.56759335204643,109.43579404693938,112.03603635290443,341500
2018-10-25,102.39057922363281,109.36707267279012,100.02583659474311,107.93448854139501,952500
2018-10-26,99.23108673095703,101.12484756231312,97.92606573262857,100.85010629950712,484500
2018-10-29,99.41751861572266,101.05615930412985,98.15173998939001,99.68244554396078,595200
2018-10-30,102.7242431640625,102.73405000451123,99.33901916095259,99.37826898116074,380700
2018-10-31,103.93113708496094,105.65809163983765,102.65555169233323,104.12738617422949,907400
2018-11-01,102.95972442626953,105.03991977494194,101.14446346629094,104.44137317664791,398000
2018-11-02,104.16664123535156,105.45204101867812,103.19522503838458,103.58771575054054,299300
2018-11-05,105.62864685058594,105.93282355450704,103.90169244771513,104.35305408409815,292800
2018-11-06,106.27626037597656,106.3449456862994,104.71611940458472,105.11841694043636,239900
2018-11-07,109.0727310180664,109.12178766682418,106.36455396969725,107.06122126559944,376700
2018-11-08,109.6614990234375,110.69177881748895,108.15041450602367,108.72933255894709,371300
2018-11-09,108.8961181640625,109.82827690259273,107.90508096234991,109.2101091852014,377200
2018-11-12,104.89274597167969,108.97462998360011,104.74556101634953,108.57233242424466,380400
2018-11-13,104.90254211425781,107.34578499912426,104.32361671994838,105.36371058135005,229600
2018-11-14,104.46099090576172,106.18794533679653,104.30399913174224,105.92301095681707,177100
2018-11-15,106.56080627441406,107.01216791360027,103.37183182452608,103.95075723283529,215300
2018-11-16,108.07189178466797,108.92555841987783,105.50108503985916,105.9328255201221,224500
2018-11-19,103.41109466552734,108.07190406400905,102.86161216358617,107.76772731988271,241400
2018-11-20,103.19520568847656,104.51985504325037,101.20332449399011,101.93924163399069,259800
2018-11-21,103.25410461425781,104.99086611496931,103.10691965985974,103.5680956901094,224600
2018-11-23,103.72509002685547,105.03011850908817,101.58602343077843,102.3121264078283,100200
2018-11-26,104.19605255126953,105.97206344115502,103.62694152500552,104.74553492910462,408500
2018-11-27,103.05784606933594,104.2451249500456,102.71441953130208,103.92132706340628,204400
2018-11-28,106.040771484375,106.21739192744118,102.81254684986037,103.3522225053786,293600
2018-11-29,106.72758483886719,108.01299160686756,105.27537950240453,105.27537950240453,261600
2018-11-30,107.5027847290039,108.27795176305054,106.3743843178291,106.72761769495726,344000
2018-12-03,108.76856994628906,109.53392270183085,107.2476787614948,108.86669075076973,279700
2018-12-04,107.1986083984375,108.94518406975597,105.89358006474015,108.94518406975597,354400
2018-12-06,106.46267700195312,106.51174113788312,102.16492370370355,105.25576962775462,446000
2018-12-07,104.02922821044922,107.16914536779638,103.31293982582984,106.03092343314755,404500
2018-12-10,105.59922790527344,106.71782158941252,103.54846782692657,103.99002269348956,493200
2018-12-11,104.65723419189453,107.54202431939545,103.17558557220792,106.73742187094282,466100
2018-12-12,105.72676849365234,107.34578779147853,105.66789751464886,106.08000933994667,441200
2018-12-13,105.10860443115234,106.60987433733139,104.0390675296569,106.09963421433672,363900
2018-12-14,102.66535186767578,104.74554716206276,102.22380454622486,104.19606472005506,282400
2018-12-17,100.11418914794922,103.04804404618261,99.51564247328737,101.87057935059686,407900
2018-12-18,98.73066711425781,103.62696809359188,97.9653068381559,101.2720312494532,351100
2018-12-19,97.4844970703125,100.60478630226704,96.50327413556121,99.25070134731956,350400
2018-12-20,95.81642150878906,97.45506202055765,93.86378995592626,97.10182116355956,322600
2018-12-21,93.32410430908203,97.26861680652867,92.60780834660429,95.9635961272133,1022600
2018-12-24,91.25373840332031,92.89237900593278,90.0272096613402,92.59801659953996,240300
2018-12-26,94.69783782958984,94.75670881651473,91.03787259095972,91.64623357168841,265400
2018-12-27,94.5015869140625,94.54083673330426,90.57669482353705,93.17693733073767,449100
2018-12-28,94.423095703125,95.53187503474356,93.0199464673271,94.7174581211667,322000
2018-12-31,96.18928527832031,96.45421966895091,94.82538596696155,95.15900566513764,439200
2019-01-02,94.59970092773438,95.57110947741064,92.4410061120648,94.94312743659604,337900
2019-01-03,92.75501251220703,94.71745858668052,91.33224210266883,94.41328184070117,482600
2019-01-04,96.39534759521484,96.84670928704541,93.20637277338226,93.39280754314572,818600
2019-01-07,96.69953918457031,97.63169813207965,96.28741979444732,96.72897467969236,362300
2019-01-08,99.78057098388672,99.94737710008631,96.90558724493108,97.85737476910381,383500
2019-01-09,101.84113311767578,102.54761485498875,100.2907990259209,100.78141051170633,241400
2019-01-10,101.9098129272461,102.0471835369626,99.70206136034065,101.43882263240609,227500
2019-01-11,101.88037109375,101.95887071902492,100.45759345865339,101.21313925118586,156800
2019-01-14,100.73234558105469,102.04718066161846,100.42816139427892,101.49769823823497,277400
2019-01-15,101.86075592041016,102.57705199507024,100.57535620255605,100.57535620255605,269600
2019-01-16,102.547607421875,103.42089520438225,102.0569959716513,102.52797877162953,265900
2019-01-17,102.30229949951172,103.67601302786073,101.61543899226898,102.1943643838898,612500
2019-01-18,103.27369689941406,103.51900259276185,101.70374195921542,103.20501160472212,482900
2019-01-22,102.635009765625,102.87084477619857,100.67959132475356,102.2223097423535,396200
2019-01-23,102.88066101074219,104.72799769350051,102.49743850672768,103.10666767822772,244800
2019-01-24,103.62745666503906,103.98120166762259,102.37952832029583,102.674310824568,192500
2019-01-25,104.8753890991211,105.5239165849056,103.64710996250861,103.96154912160857,241900
2019-01-28,103.89276123046875,104.99329449061095,103.15579378084328,104.51181118929874,228000
2019-01-29,103.57833099365234,104.45286517601184,103.13614598775362,103.94189683543837,262600
2019-01-30,104.06964111328125,104.68869111609999,102.94944361317609,103.95172361410674,400600
2019-01-31,106.38861846923828,106.6735801180271,103.36214448597828,104.15806693812665,371900
2019-02-01,101.4263916015625,107.02734215148524,100.80733404295611,106.36898625289854,856200
2019-02-04,102.94947052001953,103.27373810488412,100.55187405140472,101.08249169114048,606100
2019-02-05,102.0552749633789,104.32513279720914,101.93735744723392,103.17546512787867,321700
2019-02-06,102.0945816040039,102.72346003473906,101.25935314101086,102.49745333455819,408500
2019-02-07,101.01367950439453,102.37952530876244,100.79750117619456,102.01595198435149,419300
2019-02-08,100.90558624267578,101.79976952222135,100.02122379814344,100.63045292589253,602600
2019-02-11,101.77029418945312,102.53673915875271,100.96454338880218,101.18072171282428,705100
2019-02-12,103.13617706298828,103.32287795485381,102.03563587977474,102.78243195041334,429700
2019-02-13,104.0008544921875,104.1384286618699,102.70379193605437,103.13614862037255,627700
2019-02-14,99.14669799804688,103.61762976426539,96.88666128329291,98.86173632553816,1187600
2019-02-15,100.13916778564453,101.05300047382944,99.17619342528785,99.21549926620267,1215700
2019-02-19,100.72871398925781,101.48533061218062,99.83452321080112,100.12931319194128,1877200
2019-02-20,101.08248138427734,101.21021973946142,99.96229120244074,100.75821383247667,1202600
2019-02-21,102.02577209472656,103.35231196008282,101.40671465989207,101.47549798633808,448100
2019-02-22,102.46798706054688,102.79225464541744,101.68189268437881,102.57607625550372,338400
2019-02-25,103.28353881835938,104.08928964910459,102.77257048852813,103.13614381949186,475300
2019-02-26,101.96683502197266,103.45059857298676,101.90788001227084,103.26389771316808,344700
2019-02-27,102.08472442626953,102.68412518258333,101.25932453045257,101.68185280954557,182900
2019-02-28,102.92979431152344,103.45058347943166,101.71134347558524,102.06508847582876,519000
2019-03-01,104.29564666748047,105.1407033879141,103.26388910279567,103.26388910279567,447100
2019-03-04,103.07719421386719,104.40373427946552,101.84891498704995,104.40373427946552,441500
2019-03-05,102.6742935180664,103.25404509000958,102.1731610962269,103.25404509000958,421700
2019-03-06,100.82695770263672,103.27368714222918,100.54199610172381,102.53671981129487,447100
2019-03-07,100.68939208984375,101.45583692230808,100.29634134332322,100.51251962875048,325700
2019-03-08,99.80506134033203,100.50272307500056,99.39236129956842,100.09002303423695,356100
2019-03-11,101.24951934814453,101.36743685885816,100.04088922800094,100.19811257561909,200800
2019-03-12,101.63274383544922,101.89804886861401,100.885947913589,101.27899879334817,326500
2019-03-13,103.4112777709961,103.58815027133092,101.41655359861066,101.78994776739704,595000
2019-03-14,104.16791534423828,104.33495953360274,102.95928518692978,103.26389606127933,481800
2019-03-15,103.87313079833984,104.8557543126522,103.46043072156604,104.28583087511363,880800
2019-03-18,104.09912109375,104.25633693290683,102.27144104552151,104.25633693290683,369400
2019-03-19,103.94189453125,104.62973535957065,103.44075453440256,104.62973535957065,471500
2019-03-20,103.2638931274414,104.20721822171268,102.54658221851616,103.97138319973394,257300
2019-03-21,104.95399475097656,105.48461224511786,102.84136060357416,102.84136060357416,328400
2019-03-22,101.86856079101562,104.99330334069076,101.72116578930222,104.24650749634506,232200
2019-03-25,103.13617706298828,103.44078799449646,101.25936979604896,101.8489424847327,441400
2019-03-26,103.6667709350586,104.42338767076977,102.99858670877965,104.03034429975301,301400
2019-03-27,104.4725112915039,105.00312878498382,102.91014380805277,103.6372829671974,403700
2019-03-28,105.69097137451172,106.87012396230529,104.28581960107901,104.79678797150271,488200
2019-03-29,108.28509521484375,108.47179605902247,106.23141591616414,106.44759426272442,486000
2019-04-01,109.83763122558594,110.43703203806463,108.17699545034293,108.91396292501469,608500
2019-04-02,109.33650207519531,109.86711960914347,108.21631200246752,109.86711960914347,337600
2019-04-03,109.8572998046875,110.91852738572949,109.34633143527688,109.97520981545792,473500
2019-04-04,109.916259765625,110.32895981557125,108.73711462382943,110.07347561934748,364000
2019-04-05,110.9087142944336,111.96012111254838,109.71974078959892,110.16191835450972,291800
2019-04-08,111.16416931152344,111.21330347440374,109.15961691450221,110.46650768018313,263700
2019-04-09,110.9873275756836,111.67516856250758,110.21106156417773,110.36827743468251,286600
2019-04-10,112.55950164794922,112.66759081034363,110.77112754763364,111.12486503740895,240900
2019-04-11,112.53986358642578,112.6774302709726,111.28210675809949,112.48090857785488,277800
2019-04-12,113.7583236694336,114.09241957062436,112.49074590290974,113.06066185723314,323600
2019-04-15,114.86868286132812,115.12416705756497,113.82709690597265,113.89588774445586,421600
2019-04-16,112.05475616455078,115.49835655683927,111.50378250384964,115.31141584776431,429700
2019-04-17,109.8410415649414,112.54672828972652,109.05392969696734,112.54672828972652,317100
2019-04-18,109.72293853759766,110.88392405460357,108.1093664639898,110.23456334520176,379800
2019-04-22,110.35264587402344,110.72651981277492,108.36519215732743,109.05390928304168,393900
2019-04-23,113.34365844726562,113.55028110246316,110.51991057465091,111.59234265714612,286800
2019-04-24,113.3534927368164,114.18979424387523,112.53686564476149,113.14687760023389,385900
2019-04-25,120.2898941040039,121.10651370878185,116.09853800310181,117.72195126460544,779500
2019-04-26,121.68699645996094,122.10022669582389,118.55823930501448,120.6440799104631,459200
2019-04-29,120.33908081054688,121.81490964562919,119.74875077780467,121.17538982225642,368100
2019-04-30,121.79524230957031,121.94282670294707,120.18166995661362,120.18166995661362,226500
2019-05-01,118.64679718017578,121.21473998190564,118.33195399216252,119.49293965542145,426100
2019-05-02,119.87667083740234,120.04393716816878,117.77115532414106,118.26309834137884,208700
2019-05-03,120.87037658691406,121.20490168318794,120.04391606633168,120.44730536620067,433500
2019-05-06,120.80150604248047,121.07699288533279,119.02067501800414,119.02067501800414,444000
2019-05-07,119.44375610351562,120.5653854885556,118.36148305733983,119.75859930797502,279700
2019-05-08,118.49920654296875,119.95535330355756,118.44016829138343,119.60115381985698,307900
2019-05-09,118.50906372070312,119.06987843109063,116.44290465645727,117.3087291261463,180800
2019-05-10,118.46969604492188,118.90260070446034,115.81319980786398,117.92855583743236,192200
2019-05-13,115.6557846069336,116.92499074706168,115.20319051050178,116.46257070323496,201700
2019-05-14,114.4455795288086,115.91156705858141,113.8355677180435,115.75414925653189,470300
2019-05-15,114.52433013916016,115.26224462780623,113.50108781412976,113.92415908787834,214100
2019-05-16,115.28191375732422,116.66919653544998,114.94739614091189,114.94739614091189,349000
2019-05-17,114.5341567993164,115.4885197800422,114.15043440719658,114.61286196337237,176200
2019-05-20,115.54756164550781,115.62626681202228,113.22559033812398,114.13076355789634,354400
2019-05-21,116.6199951171875,117.75146540921438,115.91159606456358,116.33466730396655,241400
2019-05-22,116.29530334472656,117.08241501970926,115.6459425933511,116.55111576506393,132300
2019-05-23,114.1897964477539,115.89192237690915,113.91430959366029,115.70498165172258,196100
2019-05-24,114.41609954833984,116.12805902230672,114.09141537897162,114.95723232416603,154700
2019-05-28,113.7962417602539,115.68530080309158,113.4125193703008,114.43576156178455,141500
2019-05-29,113.51093292236328,113.688032706366,112.33026519352693,113.17640777193387,161600
2019-05-30,113.97334289550781,114.78013656690437,113.4912408900608,113.65849969715103,124400
2019-05-31,112.7533187866211,113.29445901571513,111.218459237123,112.31057314932848,212200
2019-06-03,112.8517074584961,113.60930378987842,112.15314938431528,112.75332037176493,279000
2019-06-04,114.42593383789062,114.83916411674439,113.06816648386575,113.99302163730835,185200
2019-06-05,115.54756164550781,115.97063287964437,114.49480404053364,115.10480848990241,244800
2019-06-06,116.17725372314453,116.4133842471943,114.88835803595354,115.46885464454118,182000
2019-06-07,117.38744354248047,117.79084043061165,116.28549595822933,116.67904437748764,251600
2019-06-10,118.02693939208984,119.09937881494538,117.79080890244713,117.97774960607629,243500
2019-06-11,118.74519348144531,119.26665181535405,117.75146660550473,118.8927703635298,168600
2019-06-12,120.22102355957031,120.62441288540307,118.19421344998926,118.79438446466449,190700
2019-06-13,119.93568420410156,121.45086928340203,119.4535822491047,120.28004274338504,258800
2019-06-14,118.7353515625,120.81135142688214,118.67632081014247,120.04392162041931,170000
2019-06-17,118.7156753540039,119.99472250997076,117.83017654974769,118.8042214812027,245600
2019-06-18,119.39456176757812,120.35877332755433,118.79439072129327,119.32569004946942,191300
2019-06-19,119.8668212890625,120.09311084299686,119.01083785166458,119.62084981346635,200400
2019-06-20,120.25054931640625,121.195078985021,119.66021921182886,120.96878189993147,158700
2019-06-21,120.07343292236328,120.41779147685394,118.91244729118516,119.61100536071005,382700
2019-06-24,120.22102355957031,121.54926805682796,119.49294257053401,119.78811135057077,178300
2019-06-25,120.61455535888672,121.47053869826763,119.70938223389143,120.3390685387971,256800
2019-06-26,119.75859069824219,121.0868351369879,118.17453382849729,120.85070462723286,263900
2019-06-27,121.58860778808594,121.82473827599243,120.09309718295479,120.5456837457976,248400
2019-06-28,123.13331604003906,123.83187409509776,121.55910017607206,121.55910017607206,1071700
2019-07-01,122.7200927734375,125.01254123726903,121.71652494230787,123.96962457544558,261700
2019-07-02,121.58860778808594,122.6020089512397,120.23084059310466,122.6020089512397,258600
2019-07-03,121.92313385009766,122.21830261038959,120.84086090644958,122.0313618951078,239100
2019-07-05,122.00183868408203,122.07071038953266,120.18165146306977,121.50005482639713,174700
2019-07-08,120.90973663330078,121.51974858849223,120.10295050234622,121.50006666704374,193000
2019-07-09,122.06088256835938,122.1592771636968,119.8569802502587,120.00456463681112,198300
2019-07-10,121.84442138671875,123.42847822297149,121.49022938280177,122.55282040745954,221700
2019-07-11,122.48395538330078,122.62169881080212,121.27377991218857,122.37572733219919,143000
2019-07-12,122.42493438720703,123.28091790328651,121.3328203346573,122.58235224270238,188800
2019-07-15,122.37574005126953,122.91688036302067,121.4213769205201,122.43477831665895,258700
2019-07-16,121.23441314697266,122.66104459757767,121.17538239925065,122.47411139430693,151800
2019-07-17,119.94552612304688,121.2934449170821,119.72907003763746,121.23441416886253,249100
2019-07-18,120.10295104980469,120.62440937376213,118.4992197413096,119.83730516066825,359500
2019-07-19,119.45357513427734,120.30955095144837,118.87307862567198,120.30955095144837,292100
2019-07-22,121.0278091430664,121.2344242855296,119.76843636626948,119.76843636626948,330300
2019-07-23,121.43168640136719,122.387222113617,120.87018704162284,121.26422339412831,238200
2019-07-24,120.44658660888672,121.18540187376624,118.3286555287261,120.40718974183656,431500
2019-07-25,130.878662109375,133.44973983343192,125.93352105906068,128.42579001775078,1148600
2019-07-26,134.86827087402344,137.15366500108934,130.38612181516734,132.29719308655214,657700
2019-07-29,136.30650329589844,136.60203244532548,134.05066035003802,135.54799701756127,512600
2019-07-30,135.4297637939453,136.15873362417463,134.2279563871747,135.85335904284096,559500
2019-07-31,135.222900390625,136.73992779829987,133.705857951715,135.00618004220928,472200
2019-08-01,135.23272705078125,137.50827536158434,134.54316923405804,135.5381015816706,332600
2019-08-02,133.5384063720703,134.75991980104607,133.15422300000125,134.68111102841183,322900
2019-08-05,131.64703369140625,133.75511939205956,130.72104945286247,131.63718823208143,547400
2019-08-06,136.35574340820312,136.4148462243637,132.44494673907053,132.60256426965546,353400
2019-08-07,137.56744384765625,138.06984802138203,134.09008666844161,135.15398282127003,321600
2019-08-08,140.9561004638672,141.3599897563819,138.188008295935,138.483537413171,423900
2019-08-09,141.77377319335938,142.66036084952304,140.54241397472134,140.54241397472134,320900
2019-08-12,140.16806030273438,142.03973512470563,139.64596525485936,140.77882462818798,165200
2019-08-13,142.90660095214844,142.97554923683296,139.86267021602242,140.89701473618737,287500
2019-08-14,140.2271728515625,142.13822944673294,139.90209226272862,141.34031119743076,268200
2019-08-15,140.74925231933594,141.87225103332057,139.98088556930625,140.8674579635754,143900
2019-08-16,142.896728515625,143.00508869498879,140.9561057778054,141.64566372319504,161100
2019-08-19,143.60601806640625,144.1872159362629,142.92630545907892,144.1872159362629,171600
2019-08-20,142.95582580566406,144.10837583364352,142.84746563049154,143.58628090724005,164500
2019-08-21,143.75375366210938,144.95556112973586,142.85733582251612,143.47793047589047,216000
2019-08-22,143.68482971191406,144.99499758392807,142.81794810486988,144.54185082627166,188800
2019-08-23,141.19253540039062,144.70928852003013,140.89700626507764,143.58628983082974,203000
2019-08-26,143.18243408203125,143.33019115319908,141.36001670435786,142.36480988201356,175100
2019-08-27,144.08863830566406,144.7683505453972,143.0247428475466,144.15758655961488,212700
2019-08-28,144.00987243652344,144.5122614005171,143.03463088511052,143.58627720586472,146600
2019-08-29,144.94570922851562,145.487510117095,144.305408652799,144.56152587683852,153200
2019-08-30,143.29078674316406,145.17229181912936,142.7588312524559,145.10334353328935,259400
2019-09-03,142.7095489501953,143.3498645192511,141.0349040556186,142.34507157001116,291800
2019-09-04,145.72390747070312,145.95048829506905,142.79821301432727,142.89671269205516,339200
2019-09-05,147.78277587890625,148.13740784798173,145.82244707328948,147.08335740083857,226400
2019-09-06,147.46754455566406,149.83176275375564,147.23113325772093,147.99950003851046,252400
2019-09-09,143.2809295654297,147.88128496422314,142.6110774875483,147.63501316537187,504500
2019-09-10,138.95635986328125,143.3203027769882,136.81872303012184,142.65043584872038,600900
2019-09-11,142.56179809570312,143.50747323969193,139.32085330605375,139.5080222492611,436600
2019-09-12,143.91136169433594,144.40390521306355,142.17761391965948,143.320318490604,207000
2019-09-13,142.04959106445312,144.8472354955186,141.68511355956667,143.26124428085825,325900
2019-09-16,140.0104522705078,141.90181794107275,139.5573055327087,141.2910536395837,389900
2019-09-17,141.16302490234375,142.1284063283359,139.64598191597264,140.08928326303936,317600
2019-09-18,139.21250915527344,141.61610893162748,137.7447240391672,141.212234664767,290200
2019-09-19,141.19253540039062,141.48806453570361,139.32086089756586,139.78385303560108,270700
2019-09-20,140.9561004638672,141.8525332746968,140.1286309605946,141.50774679938226,726400
2019-09-23,141.7540283203125,142.34508659548726,140.3650669267536,140.956110170692,339600
2019-09-24,141.10389709472656,146.91590560982522,140.89702216728787,142.69973356179855,547500
2019-09-25,143.4680938720703,143.93108604135355,140.97582455124123,141.3895593561085,337700
2019-09-26,140.975830078125,143.4089966695408,140.26656609019275,143.33018788963304,274400
2019-09-27,138.7692108154297,141.62597233870537,138.13875569154052,141.62597233870537,280500
2019-09-30,139.70504760742188,140.54236255098218,138.44412240016146,138.5623430631379,318300
2019-10-01,137.59695434570312,141.30089133874827,137.57726342684686,140.49311272856775,262200
2019-10-02,135.54798889160156,137.55755993100726,134.69095290651788,136.53307597647878,416800
2019-10-03,138.08953857421875,138.32596495129067,134.96681345435644,135.61697471787406,692000
2019-10-04,139.47848510742188,140.59163839010543,137.67577383020569,138.75937570106905,611800
2019-10-07,138.60177612304688,139.95135590652907,138.49341592190947,139.46865773214623,327900
2019-10-08,135.843505859375,138.21756939153602,135.843505859375,137.3703938794105,571400
2019-10-09,138.58203125,139.07457474752982,136.19812252570378,136.7497838691743,245300
2019-10-10,138.86773681640625,140.38476441451851,138.1486274052466,138.20773022928205,204200
2019-10-11,139.8823699951172,142.21702164208227,139.26176030415726,140.02028158963756,247400
2019-10-14,139.53759765625,140.57194223575692,138.95639980829665,139.87253873228437,159800
2019-10-15,139.6754913330078,140.86745332100637,139.47847692202285,140.61133608984952,299900
2019-10-16,137.8826446533203,139.48834146034991,137.48861581991702,139.47848096921112,327700
2019-10-17,139.49815368652344,141.02504135686277,138.75933852647856,138.94650743868718,447600
2019-10-18,138.74952697753906,139.7050626872165,137.81368218778732,139.0154896776654,268700
2019-10-21,137.9910125732422,139.69520916854503,137.7053288764578,139.4883492803441,246400
2019-10-22,136.9061737060547,139.53936210705186,136.5905781434181,138.42493596807535,330900
2019-10-23,137.25135803222656,139.6774503415531,136.73852269762247,137.55708186971643,820400
2019-10-24,136.9456787109375,142.9418617273407,134.8943517541339,142.42902622603188,719700
2019-10-25,138.94764709472656,139.19420051884586,136.551155035532,137.03439011581264,412900
2019-10-28,140.52557373046875,141.14687803215455,138.56300335449188,139.0166682074219,304000
2019-10-29,141.45260620117188,142.96152681933614,140.1508121040198,140.24943948114228,362600
2019-10-30,142.5177459716797,142.90236873865652,140.7228447419304,141.04829709066894,408800
2019-10-31,141.85694885253906,143.19819983928733,140.2592877684801,142.3106136922377,413900
2019-11-01,145.1114501953125,145.6341421334975,142.29087905320884,142.87274139218107,307000
2019-11-04,145.70318603515625,146.06808020997178,144.0266110679611,145.89055395707263,358500
2019-11-05,144.88461303710938,145.7623423540935,144.05619739941199,145.56510268536871,510100
2019-11-06,145.318603515625,146.55137071528785,144.55921470707295,145.10163528461013,546200
2019-11-07,145.75247192382812,146.551317419375,145.2001948269727,145.87082776488447,275900
2019-11-08,145.6933135986328,146.31463290828444,144.39151962653358,145.60455799680358,543300
2019-11-11,145.318603515625,146.8965365021368,144.647970333826,144.9043804939219,241100
2019-11-12,145.52566528320312,146.82747435892745,144.93394619749364,145.63414937284682,370900
2019-11-13,146.16673278808594,146.50204181998774,144.63809860939386,144.94382243544703,365300
2019-11-14,146.64007568359375,146.90635752029064,145.29882483177352,145.93000081801702,206800
2019-11-15,148.07997131347656,148.51390772073486,146.7288634486798,147.0641724730427,276800
2019-11-18,147.07403564453125,149.06617623643825,146.73871159134077,147.9320366415563,341900
2019-11-19,147.6558837890625,148.49417126847337,147.01485104487077,147.8432667584666,322400
2019-11-20,147.5375518798828,148.52376542173116,145.9102905067784,147.16278591848464,530400
2019-11-21,145.318603515625,147.7052390083609,145.12134872493678,147.7052390083609,367400
2019-11-22,144.38168334960938,145.67363597029754,144.14500168655528,145.49610967457977,286300
2019-11-25,144.1646728515625,145.83137596615393,143.79977869573696,144.94378989312102,458300
2019-11-26,146.09765625,146.38365152208584,143.3066704500555,144.22385676094,3416800
2019-11-27,148.16868591308594,148.2278563010638,146.17653091011655,146.6301805835604,472300
2019-11-29,145.0029754638672,148.79990360913507,144.7860072813705,147.7841048676389,157800
2019-12-02,147.3699188232422,147.5770303396169,143.75051603432286,145.1016391541153,592800
2019-12-03,145.32843017578125,147.36988441098222,144.47042919778335,146.08781882725992,372500
2019-12-04,145.54539489746094,148.23775362698527,145.22979934389255,146.5020232276318,563100
2019-12-05,145.3382568359375,145.92999086637252,144.59859682210447,145.6834375284282,293900
2019-12-06,145.43690490722656,146.778155858635,145.3086923377374,146.04835245693124,430900
2019-12-09,142.7346954345703,145.42706949778898,142.56704092213238,145.42706949778898,247600
2019-12-10,143.3560028076172,144.39153004897494,142.81358234324648,143.2771039174883,267900
2019-12-11,144.6478729248047,144.85498429618295,143.38552136631915,143.39537807984473,287300
2019-12-12,144.39149475097656,144.4703936218178,139.41111451122788,141.41312633250885,449800
2019-12-13,144.3521270751953,144.9537181700841,142.84322097707644,143.89847709779536,341600
2019-12-16,145.21995544433594,147.91231441151047,145.0523009348632,146.077956477645,500100
2019-12-17,146.3441925048828,146.41323465984178,144.20411142746804,145.68343139283115,444400
2019-12-18,147.24169921875,147.4389389367394,145.6637513779831,146.66969350268263,343100
2019-12-19,147.37974548339844,148.12926231394172,146.5611864857194,147.4783578027622,558800
2019-12-20,148.76046752929688,149.30288806170498,146.83735386751047,148.08984945172068,532300
2019-12-23,149.12533569335938,149.73678318938246,147.43890414835002,148.9182242568619,155500
2019-12-24,148.6519317626953,149.9931825001573,147.99117063409275,148.9083568607706,83600
2019-12-26,148.69140625,149.0365719288639,148.10952887699435,148.95767304695767,118300
2019-12-27,148.73086547851562,150.02280284220856,148.32651430483963,149.34231307393065,176300
2019-12-30,148.73086547851562,149.23384402816004,147.67562478809208,148.7900358847268,200800
2019-12-31,148.2574920654297,149.48040234497898,147.81369895579837,148.58294435873938,480600
2020-01-02,149.64808654785156,150.39760361400192,147.33047811213333,148.178622577074,527800
2020-01-03,150.04254150390625,150.26936642590863,146.66969268527941,147.63617783193925,316100
2020-01-06,150.1214141845703,150.50603683228832,148.90837584152482,149.26341328929706,331900
2020-01-07,149.73681640625,150.32853555186537,148.5533630665936,149.69735943415358,289800
2020-01-08,147.71505737304688,149.89459583742317,147.6756154542073,149.8847240713954,533900
2020-01-09,149.3719024658203,149.90445113142817,148.43498760750995,148.54347169381833,726600
2020-01-10,150.5258026123047,151.53172975655508,149.05633877439507,149.90448316264713,469500
2020-01-13,153.7901153564453,154.12542429069146,150.66382077872782,150.66382077872782,606300
2020-01-14,154.33255004882812,155.3779339105499,153.28715113868316,153.79998635235876,453500
2020-01-15,155.0229034423828,156.5318089029468,154.21420114408116,154.21420114408116,415100
2020-01-16,156.17678833007812,156.38389981008015,154.7862235243623,155.32864402110522,452600
2020-01-17,155.41738891601562,157.01506509154703,154.95386734607789,156.59098544209522,348400
2020-01-21,155.5951385498047,156.18747426737153,154.91395699371972,154.91395699371972,311300
2020-01-22,155.2100830078125,156.65140976760094,154.84481794989824,156.04922253751272,506200
2020-01-23,154.5486602783203,155.6740858609057,154.42031738418655,154.76584899282977,814600
2020-01-24,153.75885009765625,155.21992516164246,153.33435456392567,155.03235176256462,391200
2020-01-27,153.50221252441406,154.69673538072905,150.92557830854705,151.88317897913072,615500
2020-01-28,155.31869506835938,155.61486288106673,153.92671689323925,154.00569598087594,204800
2020-01-29,156.08871459960938,157.25362219108774,154.97315575470012,155.42728172015165,261200
2020-01-30,155.9307403564453,157.0462990863457,154.953406306592,155.4667477022594,331600
2020-01-31,153.95631408691406,155.49636845565757,153.08757435238016,155.07187285615063,567900
2020-02-03,156.26638793945312,156.45396135835244,154.59800583134233,154.59800583134233,324100
2020-02-04,156.90809631347656,159.14908060656924,156.4342369030709,157.77685111898612,376800
2020-02-05,157.530029296875,158.9417406321539,157.07590340989037,157.75708470850864,474900
2020-02-06,158.3296661376953,158.49749100684153,156.76986345162715,157.61886959559547,197300
2020-02-07,157.0561981201172,158.2112390934778,156.40463191040973,157.98418361932693,227100
2020-02-10,158.0137939453125,158.1125215729223,156.4145088113366,156.79952245706122,182300
2020-02-11,160.12640380859375,160.3732077648535,158.65546187006507,158.8529020223293,247100
2020-02-12,160.12640380859375,160.76810313309997,158.94174783129046,160.2646134215505,464600
2020-02-13,172.1506805419922,172.87134379333827,163.34471820560384,163.34471820560384,615000
2020-02-14,172.33827209472656,172.970089613923,169.9195812964466,172.54557898024217,396900
2020-02-18,171.00555419921875,172.95037089559,170.78836547732914,172.16059509451145,477900
2020-02-19,172.52586364746094,174.40158309559132,167.7576085346529,170.37373998669034,473500
2020-02-20,169.47532653808594,172.26914892718722,168.2808039124385,171.12397503822444,481500
2020-02-21,167.98468017578125,169.52473474392607,167.5897847328461,169.27793074098696,307100
2020-02-24,164.75643920898438,166.54329734201497,163.0386783467025,164.36155892657615,337600
2020-02-25,160.49171447753906,165.5462556441349,160.27452574956308,165.17110873877257,448300
2020-02-26,156.2763214111328,162.5254015223917,156.2763214111328,160.58058447872892,483200
2020-02-27,152.83087158203125,158.47774701512122,152.83087158203125,153.47257087344258,468100
2020-02-28,148.63523864746094,150.85647464892034,145.68347244630283,149.62245464810957,834400
2020-03-02,154.48941040039062,154.66710201890774,148.66482797493396,149.60267999911653,446500
2020-03-03,152.01150512695312,157.86570344206314,149.9778427154164,154.7164822059822,485900
2020-03-04,156.8685760498047,157.29308665381456,153.51204853812345,155.0422359575169,489200
2020-03-05,151.51788330078125,155.22982450964813,149.38550852924217,154.1932448621993,301300
2020-03-06,148.0330352783203,148.3489516269665,144.12366837800775,147.87507710399723,552300
2020-03-09,138.01278686523438,147.09517020043697,136.97620714973576,147.09517020043697,735800
2020-03-10,141.70498657226562,142.59349006417196,134.90306852391518,141.31010617389944,571800
2020-03-11,145.9401092529297,147.58875778306097,137.65736953574674,138.29905376149054,1013700
2020-03-12,140.9349365234375,145.16021937221004,137.58827522350506,138.7137007474544,1054200
2020-03-13,144.2421112060547,146.89772430356356,134.31072197521712,145.1108659910678,930800
2020-03-16,128.80203247070312,138.1410844762932,128.20969703033697,135.3373955278208,971800
2020-03-17,141.26072692871094,143.27465590607954,127.89382956928661,131.1417634226935,891200
2020-03-18,141.65560913085938,149.6915456262441,128.8415364261151,133.73813371824835,823100
2020-03-19,137.4994354248047,144.53828992333405,133.38274674748055,141.65562117555743,683900
2020-03-20,128.97979736328125,137.70680048378796,128.37759484670892,135.80146528333142,709600
2020-03-23,127.31135559082031,130.9245539532184,122.93798178447737,128.78229748504842,555400
2020-03-24,133.74798583984375,139.0493446704887,130.31247924132236,132.39550508022853,623400
2020-03-25,133.58018493652344,138.20036331716074,130.33225115830254,134.23175106492556,483100
2020-03-26,144.5580291748047,144.5580291748047,134.68586934380076,134.68586934380076,671400
2020-03-27,139.2764129638672,144.5185266809726,136.88735243101115,140.96454362002743,546600
2020-03-30,149.86923217773438,150.5306649736974,141.82342921902014,141.8925264937265,445100
2020-03-31,150.30361938476562,157.78671764519694,149.73103236041547,151.0637798385759,555600
2020-04-01,147.88494873046875,151.35995300789895,143.91633649002878,147.36172549477595,481000
2020-04-02,153.6897430419922,154.55849773545378,146.25600953773383,147.09514896334716,495200
2020-04-03,149.4151153564453,154.42029156234733,147.81581553851453,152.3076503811613,604600
2020-04-06,159.23793029785156,159.92897842645658,152.02138436053187,154.0056829291804,351500
2020-04-07,156.11830139160156,165.6844246208384,155.022491283466,163.71985981401025,535800
2020-04-08,162.68333435058594,162.69321615235964,152.42615968298554,155.80245199814777,401300
2020-04-09,160.84707641601562,164.2628499956093,157.06605284420831,162.68329855899694,380400
2020-04-13,157.83609008789062,160.3831090333288,154.9139242630075,158.70482987605598,336000
2020-04-14,164.95387268066406,165.66466921123322,159.46495563304845,161.90337969080608,355600
2020-04-15,162.9005126953125,166.66181844641147,161.66649265017696,162.04163956428897,389400
2020-04-16,165.4376220703125,166.50381691939359,163.1176589639253,164.06539273990316,363400
2020-04-17,167.8069610595703,168.8040587985401,165.94112353778502,168.08338031733703,408500
2020-04-20,168.19195556640625,170.3144786319401,165.7041825291188,166.6025374829469,318400
2020-04-21,163.24134826660156,167.11487004700285,161.84806192812968,165.73147479610145,359500
2020-04-22,168.10305786132812,168.90345211460811,161.88763853570575,165.52400133526956,751500
2020-04-23,185.19790649414062,188.014122314348,175.02991357423502,176.9271478333066,1013600
2020-04-24,193.2216339111328,193.923222650274,186.37380454741157,187.74732383975572,885000
2020-04-27,195.49440002441406,196.25527510552706,191.8481463511209,193.53787917943254,456000
2020-04-28,190.73158264160156,199.3975957350732,190.267153698052,197.61894837786,335300
2020-04-29,187.3520965576172,193.1722637456459,186.7690801753767,190.8896385848885,516800
2020-04-30,187.01608276367188,190.6524596443534,184.88170369927147,185.840204353594,682400
2020-05-01,189.36785888671875,189.5061984022041,182.8955146080543,185.41528406956505,352500
2020-05-04,186.08726501464844,188.84417983959236,184.60504917636308,188.84417983959236,397200
2020-05-05,192.4904327392578,194.5556498501484,187.6880528319481,187.9153217047849,426600
2020-05-06,194.68408203125,197.1247982521453,191.8480992713752,192.98447360832995,362300
2020-05-07,195.62283325195312,196.52204774684535,193.09318748520946,195.64260035015903,413400
2020-05-08,197.6386260986328,201.03784301262678,195.54376617260834,197.38171415155264,387900
2020-05-11,207.7572479248047,208.47858872551993,195.79082509876736,196.44300366932688,785800
2020-05-12,203.23153686523438,211.25525982772814,203.19201774685337,209.48648903102497,505900
2020-05-13,201.45289611816406,207.26318719189774,198.7058572271669,203.01416532089792,475100
2020-05-14,207.8560791015625,208.11299109210586,199.61494736946113,199.94103667161977,447600
2020-05-15,211.6307830810547,212.4311772496334,207.6386882493965,208.42919132886007,847200
2020-05-18,215.8106231689453,219.32842814183815,213.99244199950368,214.54580017473552,427500
2020-05-19,209.0615997314453,213.80467810716073,208.45883138516535,211.7098179886238,1203000
2020-05-20,207.59913635253906,211.8580339033133,206.67027872767926,211.8580339033133,1083600
2020-05-21,208.51817321777344,212.44110652008018,205.18811733162028,207.21381576204718,16495700
2020-05-22,208.93312072753906,211.1268010988254,207.02599541471926,210.22758665121543,536300
2020-05-26,203.50819396972656,212.4311304608855,202.3718347348752,211.20584191086346,729200
2020-05-27,198.90345764160156,202.55960174136567,192.9054326530726,201.8283699058373,915900
2020-05-28,203.5872802734375,206.61099810233875,200.56356244453627,200.59320555439774,755800
2020-05-29,213.4785919189453,214.63473349847305,205.21770868342483,205.21770868342483,1589400
2020-06-01,209.62484741210938,213.8046919086231,208.07346932169358,212.00627784194728,443200
2020-06-02,208.81455993652344,209.14063412961625,204.76316423063017,208.25131071997046,526400
2020-06-03,206.88766479492188,209.81257710848672,205.82046767015677,208.68609376754767,464200
2020-06-04,202.95484924316406,209.2690873591576,201.69990242773272,206.07738718930116,492600
2020-06-05,203.2908477783203,204.15054325579675,199.40744934632778,200.22761062274236,546600
2020-06-08,205.1979217529297,205.22756485732288,198.61688117587462,199.16036321954303,660600
2020-06-09,203.8441925048828,209.03194782739254,203.7651542637399,206.5517121393338,470100
2020-06-10,210.34616088867188,211.1663220325513,205.03983363353444,205.33627978207406,598200
2020-06-11,201.35409545898438,210.75133892757398,199.56555733486326,209.58533631237813,609700
2020-06-12,198.35015869140625,205.95886515837722,195.8106362240937,204.39761076685838,681500
2020-06-15,206.88766479492188,207.3817367002088,195.37579543288794,196.81847695271406,707700
2020-06-16,207.98452758789062,208.62683018116107,202.46080670631468,208.62683018116107,467600
2020-06-17,208.74539184570312,212.7078433232349,207.5102120122966,209.595196174202,779900
2020-06-18,210.1287841796875,211.7789976817128,208.55763907307747,209.377800279907,692600
2020-06-19,214.02210998535156,214.41737664065693,210.23751657388436,213.3600553003314,1186900
2020-06-22,215.21774291992188,216.6209054386947,211.52207933191173,213.66634977046536,759400
2020-06-23,214.96078491210938,219.28885936548056,213.9825322486708,216.40348142252546,922700
2020-06-24,213.9429931640625,217.19399447344412,210.50425721173977,213.9726362696783,651300
2020-06-25,220.7117919921875,220.91930881713986,212.60901613334323,215.148537769342,566900
2020-06-26,219.81260681152344,223.9825752619451,218.16240831333351,222.15451809972623,1649200
2020-06-29,217.52012634277344,223.2217059158011,213.94303509270162,220.43514789666855,615500
2020-06-30,224.47662353515625,225.2572655748507,216.27502704174753,217.7671338182794,778900
2020-07-01,222.3224639892578,225.09914546744616,220.32640942613196,224.85210953411442,537800
2020-07-02,227.0063018798828,228.61698131824514,222.58929728587307,222.83633326952963,509600
2020-07-06,231.37387084960938,233.7355339908676,228.32051004565847,229.0616179152317,417400
2020-07-07,228.08338928222656,232.0063068147797,227.8857484338168,230.5735011310877,444400
2020-07-08,229.5458526611328,231.0577117646643,226.3442606947763,229.36797890183928,439100
2020-07-09,233.1328125,233.80475827726517,228.4391283828781,231.06759510715784,375800
2020-07-10,229.47665405273438,233.15255057301238,227.20392006341933,233.0339781297387,431800
2020-07-13,226.32449340820312,234.21976933632465,225.78102627463207,230.96878223526326,587100
2020-07-14,230.5142059326172,230.98851077899792,221.1861251791469,224.3284305963825,458300
2020-07-15,238.36004638671875,238.8343511844248,230.7513422142926,234.38770412650175,513800
2020-07-16,237.51023864746094,238.89363390297197,235.74146792235197,236.87782723381625,359000
2020-07-17,244.01223754882812,245.1881311081756,239.12092865088215,239.13080466105518,554500
2020-07-20,248.85414123535156,249.61501621453368,243.7652064866494,244.10117177381298,446400
2020-07-21,249.86207580566406,252.31266854068093,246.6407320081993,252.31266854068093,617200
2020-07-22,252.34228515625,254.86207001734297,249.80276335249872,250.86996049872653,471100
2020-07-23,258.9529724121094,270.53401942824564,257.6486153053527,261.42333201319855,940800
2020-07-24,259.5459289550781,259.7435396785969,250.74156154004436,256.9174620705873,918600
2020-07-27,263.86407470703125,266.93721803694314,261.215856189077,262.24353432879053,542300
2020-07-28,261.3230285644531,266.6325685839742,260.7396776867365,263.6960201553673,432100
2020-07-29,266.5831604003906,268.7682598634201,262.687535736653,262.687535736653,418200
2020-07-30,265.9305419921875,266.92917544297313,263.32029350514637,263.97286317036696,446200
2020-07-31,265.8415832519531,270.19201790432305,264.12119136312384,267.30492416384726,618300
2020-08-03,275.5014343261719,276.3912907585981,267.9573732487177,269.33170070210065,671200
2020-08-04,271.3487548828125,274.038118452087,269.27240290654794,273.3756519466463,515500
2020-08-05,271.5564270019531,274.0282678269733,270.1425412917627,271.90249075222357,462600
2020-08-06,270.80499267578125,273.00985525641283,267.3542825599556,272.6934524068877,310000
2020-08-07,270.46881103515625,274.6709404381719,267.8981207159113,270.8544326873459,293100
2020-08-10,263.37957763671875,270.3303925452642,262.6479224380835,268.9362707561458,617900
2020-08-11,261.5701599121094,265.1889381670759,258.6534061118714,263.99257576676933,684200
2020-08-12,269.3713073730469,271.24990022031744,261.4614173434142,261.4614173434142,445800
2020-08-13,272.0606994628906,273.4844822300923,269.1735760255542,269.38123238557375,289500
2020-08-14,269.4010009765625,273.3361826068735,267.7201370715647,272.0607042359949,289100
2020-08-17,271.8926086425781,274.2853639688937,270.9434301623967,271.1115286242046,341900
2020-08-18,272.208984375,274.02825551964605,271.2499089710132,272.42650756478577,317700
2020-08-19,271.8233947753906,275.2543109168749,270.64679617356103,273.3460269404808,291100
2020-08-20,272.36724853515625,275.0862739468256,271.52681646405335,271.52681646405335,294100
2020-08-21,268.4221496582031,272.8912270060097,267.33453366073036,272.6737038065151,959300
2020-08-24,266.63262939453125,272.07068104524956,264.9320011258981,269.4505047471884,655800
2020-08-25,271.50701904296875,271.90250756465844,265.55480665702294,266.8302850502742,479100
2020-08-26,271.0224914550781,272.5946087177781,267.8387895506983,269.8953477686907,332700
2020-08-27,270.83465576171875,272.2979661484705,266.5237498798969,270.4193732466069,330400
2020-08-28,268.5308532714844,272.05075162909634,266.9884272574222,270.44900385863434,261700
2020-08-31,280.7615051269531,281.7897991585204,268.93622937234227,268.93622937234227,723000
2020-09-01,278.57647705078125,284.21228652649097,275.61026788963716,282.2348137523949,458200
2020-09-02,284.7758483886719,285.3987571513808,275.9958944619004,280.5045300529432,564900
2020-09-03,264.2891845703125,281.0977006304599,261.29331497360437,281.0977006304599,668600
2020-09-04,260.6902160644531,265.4756961279854,251.1489017324693,262.7467742886955,432100
2020-09-08,259.66192626953125,263.8146308628987,254.94566490861754,257.4965913253402,392300
2020-09-09,269.4998474121094,273.6129938407211,263.3103488198174,264.02224012811246,410800
2020-09-10,272.2782287597656,275.31365668371205,268.37270799485896,269.49988194987736,431300
2020-09-11,269.3416442871094,275.39270528242054,268.1254878424299,274.1765488377411,352700
2020-09-14,274.7402038574219,275.43233147048545,271.08189694594563,271.81355229347224,396200
2020-09-15,281.1767883300781,282.0369839440927,275.85738306889345,276.38141201615707,353800
2020-09-16,278.11175537109375,284.56820243794084,277.2515595866251,282.165580383286,653000
2020-09-17,271.8629455566406,275.94643161824155,268.2145059144835,275.51138519879777,879700
2020-09-18,274.6017150878906,279.5058381804893,271.88269054383846,272.5154660200605,1612200
2020-09-21,273.7218322753906,274.295316391426,266.6424747135626,272.17940561836144,669600
2020-09-22,273.9195251464844,274.7994848021071,267.46307802815386,274.0579325442261,597300
2020-09-23,265.27789306640625,273.30645583211907,264.0914278081893,273.30645583211907,449400
2020-09-24,260.67047119140625,266.0491692867741,258.979710272756,263.9926109127075,494300
2020-09-25,266.47430419921875,267.0378609038151,258.10957418182846,258.327097353828,414200
2020-09-28,269.3219299316406,273.18786280963235,266.95883538680994,268.9066473556599,378600
2020-09-29,270.56768798828125,274.0183982639931,270.40948655618854,270.8939878712969,248200
2020-09-30,271.8036193847656,274.67094879458364,269.49987694198416,270.69623948915364,477600
2020-10-01,272.68359375,277.340533293527,271.4575402147354,275.62014178006143,398100
2020-10-02,270.7654724121094,273.31639907811916,267.4729632633927,270.7555753923621,281200
2020-10-05,284.400146484375,284.83516273111894,272.149688267475,272.69348120628473,873600
2020-10-06,287.05975341796875,292.06278610151264,283.4508725019043,284.11333899950216,722600
2020-10-07,289.4130554199219,291.77615016248325,288.34523326551533,288.6616361904668,439100
2020-10-08,287.97930908203125,291.55852922133863,286.30834252601574,290.27315408464705,368300
2020-10-09,294.9202575683594,295.34540692873514,289.1262774278794,289.5118688882231,305100
2020-10-12,298.2622375488281,298.63796222313425,294.64345856439104,296.62093144066216,324700
2020-10-13,296.1068115234375,299.72559065658237,295.65197101803835,296.6209436298125,302100
2020-10-14,284.9043884277344,295.6618453178498,283.8958881594762,295.6618453178498,568600
2020-10-15,288.088134765625,288.60229703116386,279.3279442972969,282.81818276074455,341400
2020-10-16,288.7703857421875,292.31007938267106,287.76188535393516,290.25349052282894,298600
2020-10-19,282.83795166015625,292.25071197419703,281.12742670770325,289.69978516290513,373000
2020-10-20,283.7475891113281,288.5132757309511,282.03706423951013,283.61904854871557,337400
2020-10-21,281.21636962890625,287.23776960197836,276.90546400919436,283.9650551200041,336000
2020-10-22,276.2628173828125,283.4805804124587,275.05655787161226,281.83927450877064,539600
2020-10-23,278.7544250488281,279.5948569603984,274.1667041882072,278.3095118065884,337400
2020-10-26,276.9549255371094,279.5256460913639,275.4322932776543,275.82778178434603,387900
2020-10-27,282.8477783203125,283.3322494135528,277.80521755243535,278.2600277659637,416200
2020-10-28,277.0834655761719,281.05820502171304,273.28672160607437,278.9620887836858,495600
2020-10-29,272.12994384765625,277.12305084789614,270.4194189275061,276.40126237720676,316900
2020-10-30,269.0055236816406,273.1878594060015,261.80752378710343,271.9025141359859,439100
2020-11-02,268.3429870605469,273.59317364198336,263.77503084156444,270.5874374489052,411000
2020-11-03,273.9095764160156,276.09467487470533,268.570407202022,269.92497090954237,296500
2020-11-04,286.5259094238281,290.8170214737366,279.96068571137505,280.7022379586278,447000
2020-11-05,291.6969299316406,292.91308626631354,286.33799686252826,291.202561853554,309000
2020-11-06,292.46826171875,295.95850056072334,290.9060712339657,292.5374805195167,251500
2020-11-09,283.4754638671875,301.7380257596298,283.4754638671875,299.75941575464867,515300
2020-11-10,276.4315490722656,288.41201521321597,269.8625509800627,283.0796782610752,416700
2020-11-11,282.02117919921875,283.74256021120107,278.0243786079943,279.55778925761166,437700
2020-11-12,286.4927978515625,289.62890761924587,283.8909211749902,284.3657983883321,306700
2020-11-13,287.85809326171875,291.24152983630347,285.3749279107551,288.7781397176237,241500
2020-11-16,288.886962890625,290.3511149691712,285.6222382738815,288.4021829103129,280800
2020-11-17,283.7228088378906,287.6899016296163,283.12921975899263,287.6899016296163,297700
2020-11-18,278.2816467285156,284.43512580622775,278.044192968789,282.9709433541663,358000
2020-11-19,278.2123107910156,284.76150405957173,275.21471830675785,278.85535290450684,391400
2020-11-20,281.684814453125,283.99978445567723,278.4299926543438,278.90486990788975,351300
2020-11-23,272.7711486816406,282.71365086642123,271.1882548008146,281.8529604326043,300000
2020-11-24,264.8467712402344,272.55346384383336,264.3521188557628,271.0398287549978,461100
2020-11-25,266.32086181640625,267.32003912531985,261.2358206988447,265.97459910131545,378300
2020-11-27,274.9871520996094,275.0267327449034,268.7446412644714,268.7446412644714,190600
2020-11-30,272.21710205078125,277.49998585916865,268.96228092888333,276.54035903197257,775400
2020-12-01,269.1007995605469,273.6417048219769,268.34891827581134,271.8510656074866,442200
2020-12-02,272.444580078125,273.37449852995957,265.7370666010565,269.0908233395907,344700
2020-12-03,269.328369140625,273.61207646868746,268.2500303712157,271.4256907979121,281900
2020-12-04,268.64569091796875,271.41576231341776,267.82458126529986,268.8039832998103,312400
2020-12-07,265.1930847167969,270.8815882272405,264.38184740507376,269.24924108422107,367900
2020-12-08,264.42138671875,265.7272763054865,262.6307474393922,264.2235136815402,682900
2020-12-09,258.3669128417969,264.96556067852396,257.2193153503673,264.39177702840635,766000
2020-12-10,263.8179931640625,267.2607554443612,257.0511199974735,257.71396767061754,687000
2020-12-11,261.1567077636719,262.99680031116355,259.9695298554145,262.4526947147388,592900
2020-12-14,262.0866394042969,268.8238026385505,261.14678777318636,262.1657705037232,393700
2020-12-15,264.32244873046875,265.5788851465101,262.22512738892794,262.7494577243131,406500
2020-12-16,264.75775146484375,267.8443776769328,261.17647284206896,265.2128232291422,392700
2020-12-17,270.654052734375,273.9187773987694,266.7265106169625,266.76609127109873,578600
2020-12-18,274.6904602050781,275.20488799295975,266.4495317395225,270.68375639865974,973400
2020-12-21,273.13720703125,273.13720703125,263.43212763801324,270.9112708366325,478700
2020-12-22,279.8842468261719,280.2898654493384,272.51391340416575,273.5328962214707,462000
2020-12-23,278.42010498046875,282.60487609062824,276.03587625549125,281.14069378984397,478400
2020-12-24,279.9337158203125,281.506707043268,277.3714196628296,278.7762459539823,147100
2020-12-28,274.5618591308594,283.51505872902277,274.3145328415046,283.51505872902277,213100
2020-12-29,275.36322021484375,277.3418307188158,271.8808765966851,275.2148304652859,222700
2020-12-30,276.94598388671875,281.25933825690345,276.0556156185893,277.2922465996541,233700
2020-12-31,280.27996826171875,280.4481633785169,273.1272829797219,277.2427949787063,455600
2021-01-04,282.51580810546875,286.5323835922288,277.0053725555321,280.39868112345187,483300
2021-01-05,287.9075012207031,288.22408603468926,280.9230110397778,281.6254392566576,479000
2021-01-06,290.9942321777344,291.6471470104216,281.97174382231003,283.5843160521948,595600
2021-01-07,300.8079833984375,301.80719080240334,291.58765638742824,294.3379222341852,511000
2021-01-08,304.24090576171875,308.78181119802065,301.25321611662054,302.1238091764337,437700
2021-01-11,299.1756896972656,304.21124786830563,298.26551593171547,303.88479054496025,351700
2021-01-12,295.29754638671875,300.55075185984356,294.34782234064875,297.87964731942486,499200
2021-01-13,294.8128356933594,297.206966636468,292.4187047502507,297.1574832808676,452700
2021-01-14,295.5252380371094,297.90946709108886,293.53672500813286,294.8327123499561,434200
2021-01-15,296.2077941894531,296.6727687165165,291.67676068042044,295.3471037266571,351700
2021-01-19,297.078857421875,300.9195459335723,294.4062348428645,300.0484582041142,399200
2021-01-20,301.9588928222656,303.53280781340754,295.7722245526049,296.613617478947,418200
2021-01-21,296.6432800292969,302.21623503408864,294.72293599049345,301.34514740308447,486500
2021-01-22,297.0491638183594,297.9103432153414,293.51533162326496,296.138503158144,516900
2021-01-25,297.2174377441406,305.9084677038621,295.2574904553856,299.3753402830184,418000
2021-01-26,296.6432800292969,298.2270729758192,293.000577398132,297.28668741772657,520400
2021-01-27,290.2586669921875,295.1783064397954,287.20986018075615,291.95133084555465,798200
2021-01-28,295.8910217285156,298.9694932322546,289.89240063051585,291.64448434540435,648300
2021-01-29,296.4552307128906,303.6317657983753,293.8023946485339,294.67348236121,1401200
2021-02-01,294.0102233886719,300.32557834860415,291.2782115871732,297.55396341713094,793900
2021-02-02,291.6148376464844,300.2266628173427,291.6148376464844,296.9601136505249,420400
2021-02-03,289.12030029296875,293.7033887057911,284.7253192092787,291.6246622501006,666900
2021-02-04,287.3088684082031,292.6541436392458,286.42787236510475,289.9221315304207,592800
2021-02-05,288.3976745605469,291.010906989813,286.9920505282006,288.62532457253377,451200
2021-02-08,291.47625732421875,294.13900223547,289.4866449981944,289.83307431594255,385200
2021-02-09,286.9526062011719,294.0004555639529,285.69545557161143,291.36740528703103,520900
2021-02-10,289.3282165527344,291.5949900969094,285.33905399008574,287.1108940639155,334700
2021-02-11,288.1403503417969,292.4957586305899,285.5073007806537,291.9513439226183,440500
2021-02-12,291.0307922363281,291.2881371021863,286.2200231410696,287.6355256324866,267900
2021-02-16,292.6145324707031,293.56482642087644,290.021086091077,290.4368434703203,417600
2021-02-17,291.01092529296875,293.4855922455831,287.83346138414623,291.1594294767951,415000
2021-02-18,293.73309326171875,300.196922888872,287.88297627718845,298.9298944694226,639600
2021-02-19,278.69696044921875,295.22774660924813,276.4994551420671,294.6635153338756,1055900
2021-02-22,269.88720703125,278.1129986385547,268.907248456796,277.97443297946035,501300
2021-02-23,271.5105895996094,272.84691590282785,262.74035350805923,267.37292316476663,682400
2021-02-24,276.0936584472656,277.29138880521646,269.7486086963245,271.2828901379831,406300
2021-02-25,274.8661804199219,278.5880889112753,272.8567522096081,276.09363568036895,361500
2021-02-26,277.80615234375,281.09251785435987,274.024853360157,276.10357998835445,668200
2021-03-01,280.1224365234375,283.0722508884809,278.8356215809177,278.8356215809177,406800
2021-03-02,275.2820129394531,282.0923025892452,274.45052830197983,280.7856709267831,323900
2021-03-03,264.908203125,274.2426417349747,264.67064471039805,274.18325213132425,457000
2021-03-04,254.6829071044922,265.32397811559315,252.62398178472725,265.02699986934573,566400
2021-03-05,259.7410583496094,260.33498450802557,251.28760200039255,256.8605421583792,568100
2021-03-08,258.70172119140625,264.7993049400818,256.514123793683,259.7311912290633,424400
2021-03-09,264.7102355957031,271.5897928390809,262.7305016767439,262.7700746051167,368600
2021-03-10,265.0171203613281,274.0248864920616,263.95795535108033,268.3925706801942,365100
2021-03-11,270.1247863769531,271.0156605239666,266.14550220083896,267.89758590524974,279000
2021-03-12,271.34234619140625,272.49059557442854,268.0262855899355,269.22404644960335,254000
2021-03-15,273.2230224609375,273.7476506550678,268.96660731673626,271.223502405794,324300
2021-03-16,271.391845703125,276.6282203256481,270.5603308489087,274.7078759500565,293900
2021-03-17,271.8075866699219,274.08429898509706,267.8877216530121,268.77859594662635,347000
2021-03-18,266.2247314453125,271.98573420434246,265.70010316392006,270.075298218172,451500
2021-03-19,274.3416748046875,276.7470447311467,266.18517914870336,266.18517914870336,831400
2021-03-22,279.6274719238281,280.26100119680626,272.77761035769737,273.8268667837714,358100
2021-03-23,280.37982177734375,283.10195596935677,278.9148077735478,280.2016529711415,364500
2021-03-24,275.26214599609375,280.9934832169287,272.78747900019545,280.08282267910704,374700
2021-03-25,272.6588439941406,275.8462165539093,266.8483000374818,275.8462165539093,478100
2021-03-26,277.4695129394531,277.875361883193,271.1640673328502,273.658520368155,476400
2021-03-29,277.6676025390625,280.4788212011726,272.8964363369908,275.3711038432508,365000
2021-03-30,275.5196533203125,277.3509138182192,273.70820950122373,275.420660551278,372300
2021-03-31,278.9247741699219,281.3499608564155,273.2726410021334,276.26202902570935,704600
2021-04-01,281.8843994140625,282.1318661506298,276.0738852727973,281.08260960425184,394200
2021-04-05,286.6258850097656,287.586057204436,282.3991638108955,283.83445283041334,376100
2021-04-06,288.32843017578125,292.3076842491587,286.68524749249406,288.83327196276707,332900
2021-04-07,286.2497253417969,288.803599060761,285.7250970519853,287.0317287124626,291700
2021-04-08,288.92230224609375,291.2781898663342,286.30903961271736,287.50680009051564,277900
2021-04-09,293.515380859375,293.5450756639645,288.3680900776691,289.23917795675607,201700
2021-04-12,293.93109130859375,295.6237553160936,292.16912936535596,293.5153339025077,334700
2021-04-13,303.34478759765625,303.7803315422284,295.40603405114797,295.5248132708773,323900
2021-04-14,297.01947021484375,304.3444794950217,295.9108240805476,302.800289492489,421600
2021-04-15,307.7991638183594,308.39305986728453,298.1083571754728,298.2667395246343,364500
2021-04-16,310.6499328613281,311.6497081514706,305.6214220270157,308.71971042616275,363200
2021-04-19,313.5799560546875,313.97589678860726,308.6108046877187,308.6108046877187,335900
2021-04-20,316.125244140625,316.74919992202655,313.0054954581756,313.07480037034156,316900
2021-04-21,320.7206726074219,321.542720133496,314.66935341886574,316.927460364984,408800
2021-04-22,318.7498474121094,323.3750216739809,315.9866271533114,322.3846231808195,406100
2021-04-23,320.5721740722656,322.86990580922026,316.4323156627174,319.1856222394699,309700
2021-04-26,319.3143310546875,322.0181293921141,318.9280611959586,321.20599550290865,319900
2021-04-27,317.2740478515625,320.4235066596183,315.57056185435675,318.33378110743143,403600
2021-04-28,319.12628173828125,321.394303305289,316.224420697377,318.0863751559112,316000
2021-04-29,321.4338073730469,330.37710423754993,319.8491940202962,321.87949876885943,514600
2021-04-30,325.3656311035156,327.70298675417985,320.43346702740337,321.7209726977769,917100
2021-05-03,326.712646484375,331.6250143479687,324.3257825858962,324.9200277025592,663500
2021-05-04,326.0391540527344,326.21741850465213,321.07724856910687,325.68259492433936,515400
2021-05-05,325.4449157714844,326.86117820994843,320.98812303329333,326.86117820994843,314900
2021-05-06,326.257080078125,326.257080078125,321.4437277559626,325.81138867298597,224700
2021-05-07,330.47613525390625,331.4269394922369,326.5442523446242,326.8711007467257,278200
2021-05-10,330.525634765625,333.3185349944193,327.15825637386666,330.7435236000969,430700
2021-05-11,332.00140380859375,336.38886214003395,326.03921540643006,326.90085731073486,458400
2021-05-12,321.6813659667969,329.158891504018,320.88905939145616,327.6039588697395,495300
2021-05-13,325.1478271484375,327.1088271297735,321.89932116064426,323.5335029240399,472400
2021-05-14,329.87200927734375,331.39720108372677,324.18710178911925,327.65349626199907,262000
2021-05-17,323.5631408691406,331.52592154206474,322.9688958365719,329.75313032390255,288900
2021-05-18,323.7315673828125,326.6235444313648,322.3945233029153,323.2165710205508,295800
2021-05-19,322.7410888671875,324.5634181104457,319.97786915003303,320.86925179880103,317000
2021-05-20,329.5946960449219,330.7435618299724,321.8002653771685,323.335370826189,305900
2021-05-21,330.2483825683594,333.32850730839726,329.9809556372072,330.8030032946978,680100
2021-05-24,336.26007080078125,336.62654361584543,330.79308223863774,332.5956146711983,260700
2021-05-25,342.0439453125,342.84619574897044,336.7354248867785,336.7354248867785,523400
2021-05-26,341.0833435058594,344.9161807478716,340.3306309969874,343.75740123945354,387600
2021-05-27,341.3904113769531,344.51016093910226,338.0329455967985,339.94440765135664,1128700
2021-05-28,344.1732482910156,345.9064449402733,341.70713650594865,342.72724532481544,389700
2021-06-01,336.8938903808594,345.9362317233244,336.24022387392193,344.6486957946691,297100
2021-06-02,330.5653076171875,337.65656474338897,330.0503112606548,336.21059134748066,395300
2021-06-03,329.5748596191406,331.50614855926653,326.36597852434437,328.27744015305643,267500
2021-06-04,330.2285461425781,334.0910940317636,329.67392543154443,332.63520710915964,233800
2021-06-07,330.11956787109375,332.65498509545495,329.3569418380837,329.8026331619093,490200
2021-06-08,327.1285705566406,333.05116370882894,325.12797672374955,332.67480749110814,387100
2021-06-09,332.70452880859375,333.0115498960597,326.33627432081056,328.5349599880394,443300
2021-06-10,340.4791564941406,340.5682887220811,333.61570292168494,333.61570292168494,355700
2021-06-11,342.0142517089844,342.10341415882687,337.05237648752944,339.5283723828165,218800
2021-06-14,341.8261413574219,342.60853438455064,337.88434457850457,342.60853438455064,209800
2021-06-15,341.5289306640625,342.9451929149717,338.4686036827294,342.9451929149717,253000
2021-06-16,342.7867736816406,345.2726833227452,340.2216454678129,342.64813362323497,300700
2021-06-17,348.64996337890625,349.600737423214,340.2612873409052,340.54851135282803,332500
2021-06-18,348.907470703125,350.6604650400445,346.73849572759065,346.73849572759065,572500
2021-06-21,354.1566467285156,354.89944570993737,346.6197275714824,350.7992110492647,286900
2021-06-22,356.632568359375,357.5734589612022,353.1166660096111,353.7703326027918,244700
2021-06-23,355.2558898925781,357.9695716207183,355.23606258243757,356.1967501629523,274000
2021-06-24,356.08782958984375,358.30631221181704,355.4143357442657,357.09802502137256,235300
2021-06-25,356.6028747558594,357.7715377098882,354.582453391147,355.48371963606985,491700
2021-06-28,359.71270751953125,361.0299240800901,356.16706435578647,356.91977680442596,274900
2021-06-29,356.5434265136719,360.633776770439,356.35524839838035,359.45520024816506,318900
2021-06-30,355.6520690917969,356.85044268485626,353.88916116064155,356.54342160088703,423400
2021-07-01,359.52459716796875,359.6434401612978,355.6620185373785,355.8106025036058,378700
2021-07-02,362.228271484375,362.46598763361163,356.73157290427673,359.5938083291413,291500
2021-07-06,365.44708251953125,365.66497136850955,362.09953121457306,362.09953121457306,592200
2021-07-07,369.08184814453125,369.95340351761376,365.1994733620435,367.2298080890103,352500
2021-07-08,369.527587890625,371.7559846245545,363.28808912544844,366.19986327574816,473800
2021-07-09,370.59716796875,371.58756633736164,367.9825017678267,370.8744783029789,512300
2021-07-12,372.3798828125,373.5683729761592,368.3786950589389,372.46901504109036,297200
2021-07-13,369.0718994140625,373.27120851941316,367.52688057208866,372.37982592057335,242000
2021-07-14,367.87359619140625,370.4090137606802,366.66530889475524,370.4090137606802,192000
2021-07-15,368.38861083984375,370.59721033517474,364.4864384034554,367.5665933987298,265000
2021-07-16,370.072265625,372.2709512573504,367.11098411403486,370.2703271680448,248800
2021-07-19,367.4377746582031,371.3894542609706,365.38764289341304,368.2796192703909,432800
2021-07-20,369.28082275390625,373.30368150781675,368.1215120173785,368.5674077402935,519400
2021-07-21,364.5841064453125,370.7075662436248,359.1938676537332,368.6267704197911,340100
2021-07-22,370.5589599609375,371.5696184372582,364.64357042587983,365.64431070275003,247000
2021-07-23,377.5841979980469,378.0300635137273,371.11393189308086,373.5514207607299,237900
2021-07-26,374.05670166015625,376.1374675231073,369.77621200678726,375.98884570981306,278100
2021-07-27,374.918701171875,375.95908400000064,371.3714329754146,374.33410193871356,221900
2021-07-28,380.4972839355469,381.7754619081482,374.24500698539595,374.63142374224174,493800
2021-07-29,401.2159729003906,403.27693261721686,380.86385584405764,381.9736057099192,717400
2021-07-30,407.9637145996094,409.4400751623883,399.79906935965795,402.999533850996,679900
2021-08-02,411.4316711425781,412.92783777065694,400.70072224224975,408.56809306543306,300400
2021-08-03,418.3280029296875,418.8531535244821,410.47055017115844,410.6488963569187,331000
2021-08-04,424.22357177734375,426.1457976626068,416.1183759592002,417.9316528305634,387700
2021-08-05,421.7662658691406,426.23502018365446,416.26701651941113,424.45146759519446,204400
2021-08-06,423.5794677734375,424.7784209065644,415.4643844862428,418.7639397947054,285500
2021-08-09,425.0856018066406,426.2349942300833,421.41943579672153,424.7883279407896,216500
2021-08-10,421.1221923828125,427.21592865565145,420.9140916050865,426.9880217155583,273900
2021-08-11,418.9423522949219,422.39052995638417,415.5833779702245,422.39052995638417,257000
2021-08-12,425.7890930175781,426.274601015552,416.56425962558166,417.4461025344576,185900
2021-08-13,430.3073425292969,430.5946981676567,424.114515555069,426.611452505249,187000
2021-08-16,437.5703430175781,438.0063205217132,429.80206331236195,431.06046529683175,284700
2021-08-17,437.8081970214844,439.5917194825335,432.7152004959412,435.65803372356595,273700
2021-08-18,438.17474365234375,441.67245136782884,436.3713850513452,437.33251307597277,297400
2021-08-19,442.8714294433594,446.08181213817795,436.80741691975163,436.80741691975163,374300
2021-08-20,445.39813232421875,446.3196179238034,440.19615651967246,442.3066772556641,254900
2021-08-23,442.4849853515625,446.77536315029005,441.8805496337716,446.77536315029005,243200
2021-08-24,441.80126953125,443.69380122921444,439.57185164850245,443.3370786439989,252100
2021-08-25,440.45367431640625,442.09849284071396,436.3416431248438,440.92929432870216,257200
2021-08-26,442.61383056640625,443.76319287405084,438.6206961403077,440.4141367734674,240300
2021-08-27,442.8714294433594,445.40800945011796,439.7997806143946,443.0200512721892,255000
2021-08-30,447.5581359863281,448.846232048409,443.07949389395617,443.07949389395617,349000
2021-08-31,447.4887390136719,452.46283722489073,443.69378777105095,448.8858444730931,513500
2021-09-01,448.9750671386719,450.49107021083654,438.2144238104476,445.5566442543566,368400
2021-09-02,454.80133056640625,455.6435613003245,449.21290754565814,451.0559090536315,249400
2021-09-03,460.1319885253906,461.1426469693375,451.8286415465429,453.6518061206651,295100
2021-09-07,457.6350402832031,459.4483169713581,452.8195124984241,459.22041005079274,205700
2021-09-08,464.18463134765625,466.11680564928844,455.8020283964596,456.73343208419436,282700
2021-09-09,457.0207824707031,471.0017265122462,456.8523544847282,466.8104096885488,363200
2021-09-10,454.83099365234375,462.7776193235847,454.8012692887243,460.4392220830762,340800
2021-09-13,438.1648254394531,457.8530575242989,433.61681661328015,456.9612964239853,556000
2021-09-14,447.9247741699219,450.53072105653376,439.4232731113928,440.8302667135516,382600
2021-09-15,448.3507995605469,454.64271844310804,446.4384616569298,449.5794771171971,263500
2021-09-16,450.312744140625,453.8500948798444,444.3279864774328,448.6084766036266,243900
2021-09-17,444.5162658691406,451.293693678357,443.4461584207044,449.06427544222976,575900
2021-09-20,440.5825500488281,445.7845255790354,436.7380375807375,440.05739944293435,321700
2021-09-21,444.0208435058594,447.3501238251157,439.13594765155665,443.59478416308934,205600
2021-09-22,445.07110595703125,446.2204984527515,436.09398498298583,445.88361224100174,254900
2021-09-23,451.05584716796875,455.41559183909635,444.30814449724613,448.2814724422739,206400
2021-09-24,452.9286193847656,454.3950921247919,447.5482970012599,450.52085481381624,252600
2021-09-27,437.550537109375,450.39197661010894,436.64885773613395,449.5795005686718,328100
2021-09-28,423.5200500488281,433.3592074947152,417.6641085153477,433.3592074947152,412900
2021-09-29,428.4544677734375,431.47655534191347,422.04365186716166,425.90796997980084,266200
2021-09-30,420.656494140625,435.7471571190629,420.3988628355685,432.23956132986723,564300
2021-10-01,415.8904724121094,421.1122534692995,403.1183709630369,421.1122534692995,522400
2021-10-04,406.0711669921875,413.44311179676714,402.4050007534907,412.88823683198524,593600
2021-10-05,409.6977233886719,416.2670503969649,408.31050562749954,409.182460709921,391000
2021-10-06,409.5094299316406,409.9949379705536,401.5330493244791,406.9530135996911,338800
2021-10-07,413.8988952636719,418.90268814525916,411.3722335587947,412.95757332115494,368000
2021-10-08,403.4157409667969,416.10856031874704,403.07882447391427,415.34558446625965,209700
2021-10-11,399.87835693359375,409.1131096351828,398.5109756240702,400.79984251577906,279500
2021-10-12,399.5117492675781,404.62452167515164,398.70916114322534,402.04832930674087,201800
2021-10-13,398.5703430175781,406.22964228507453,395.5086129981471,401.6023486771472,351500
2021-10-14,403.7030029296875,406.4179591811615,400.3737532411282,404.20834735107894,258700
2021-10-15,401.1070556640625,405.5064438144402,400.06667248513685,405.5064438144402,234300
2021-10-18,404.98126220703125,405.11007787882914,398.75870929867745,399.26405378390905,217000
2021-10-19,413.750244140625,419.05131053106794,406.38821806201196,406.38821806201196,379200
2021-10-20,410.8074035644531,419.27917933394093,409.33101295336814,416.5741716840644,261100
2021-10-21,418.36767578125,418.4865732470307,409.14284112058897,412.9774355841145,307900
2021-10-22,417.33709716796875,420.91405958091104,415.3355863381995,417.33709716796875,385600
2021-10-25,413.611572265625,418.65500811134865,411.2731747644618,418.65500811134865,432800
2021-10-26,416.4552917480469,421.0627800426881,412.3829025061317,417.9614068937396,305500
2021-10-27,417.4857482910156,421.7761561340361,413.56198123776034,418.47660069505895,310100
2021-10-28,417.2777404785156,422.02393267409184,400.14589137057357,416.30669409075483,693600
2021-10-29,425.94769287109375,428.5635278412789,413.8295554740434,417.148917516215,554200
2021-11-01,422.8363952636719,426.9979879485036,415.43472572001707,426.9979879485036,527700
2021-11-02,434.0231018066406,434.99414810318666,418.68469484133993,424.8279921881744,462600
2021-11-03,434.2014465332031,437.10466721219325,425.57113010310763,434.6374240331737,466200
2021-11-04,429.1085205078125,432.0810781538092,422.1229918966683,431.347826705671,397200
2021-11-05,400.0863952636719,428.4743114978188,397.59934597385694,424.818063591138,1092700
2021-11-08,409.4895324707031,409.8858975943412,396.0139649425846,401.9689668973961,502600
2021-11-09,410.50067138671875,415.2588535336072,405.15766546377984,410.31235522667765,273000
2021-11-10,405.91107177734375,409.40038132811384,402.48120660783013,407.5566072065778,365100
2021-11-11,413.2466125488281,413.3358245075201,404.56295221698565,408.5578268202627,298900
2021-11-12,415.5562744140625,417.1918874252148,409.28145823439223,415.21924138916285,227900
2021-11-15,418.7778625488281,419.15455533820733,414.1783201640236,414.3567440374382,252800
2021-11-16,438.3755798339844,438.5837410252042,419.9674267777971,420.3044597426829,417200
2021-11-17,440.7844543457031,445.4137348114613,435.78837329934214,441.12148735753783,341700
2021-11-18,445.4434509277344,446.33563090367403,440.5663496337888,444.5314864100795,305600
2021-11-19,444.5413818359375,451.83721853883713,442.12264612970444,448.06042840975823,338300
2021-11-22,433.8652038574219,447.2772760946803,433.71651729745895,445.39384241477546,302700
2021-11-23,426.93621826171875,431.5159466801605,419.6800102537904,428.92870929503874,308000
2021-11-24,429.9397888183594,430.3362964520841,421.9897003438621,425.46908735025977,280600
2021-11-26,435.0548095703125,451.44073599921126,432.4576498362127,432.4576498362127,279300
2021-11-29,443.480712890625,451.01447856627937,432.5666645949907,436.0857415183067,455400
2021-11-30,438.80181884765625,453.99819063451196,435.1836379699849,444.61072909347337,1021300
2021-12-01,431.61505126953125,441.09172567224226,423.19905820674603,438.45490610598944,378200
2021-12-02,433.57781982421875,438.6928197817638,429.13685562479145,429.13685562479145,545400
2021-12-03,430.3462219238281,442.4497937417527,423.66497598242,436.16505543678664,404400
2021-12-06,419.88812255859375,436.27404817680207,415.5562157086155,429.7315970564419,516700
2021-12-07,426.222412109375,431.92229550280024,422.89168190865155,426.69823935278947,368900
2021-12-08,431.71417236328125,432.23955175577976,421.99956948570417,428.4924988570035,327500
2021-12-09,425.4493103027344,434.5988752643648,425.2907011848539,432.57664682588387,298200
2021-12-10,427.80853271484375,431.1888154927971,423.94253035569835,425.3203996733712,232000
2021-12-13,437.067138671875,438.49459040016075,426.23240916964033,429.27562880068257,295400
2021-12-14,424.9535217285156,433.75612810241483,420.1160511805829,433.260486124169,347000
2021-12-15,439.65435791015625,441.3494756749099,423.2089566467595,427.15427865707255,382300
2021-12-16,440.9430847167969,448.58587811494624,437.2852432700648,439.6445047182655,363200
2021-12-17,445.8895568847656,453.58193218677354,438.32605337285736,441.4783299625216,616200
2021-12-20,435.2035217285156,447.84239587713165,427.2435104355687,444.6801967092327,425900
2021-12-21,440.64556884765625,441.78556969047025,431.00039453717756,436.45245673586436,250300
2021-12-22,449.6563720703125,450.43949499019,437.6519359801591,442.32087568291104,257000
2021-12-23,455.8320617675781,458.7167020329191,448.95254792204105,449.65635113921013,375400
2021-12-27,461.82940673828125,470.8599912067665,459.8071785161262,463.74257796848644,350000
2021-12-28,460.8183288574219,465.5566666132515,456.09980589706737,464.25808659711964,215100
2021-12-29,463.9111328125,466.3794513062069,458.91508169003004,460.9472024172525,219400
2021-12-30,467.2318115234375,470.78062529517064,464.1786700187732,465.58627640185006,162700
2021-12-31,464.92218017578125,468.4313042199983,459.2222964198958,460.94712112812425,224800
2022-01-03,442.0334777832031,463.9705724130744,438.901015981741,462.2854073706256,397600
2022-01-04,425.2608947753906,441.43865915170346,417.46941597929055,438.5440961609471,525800
2022-01-05,400.4490661621094,423.3080766335189,399.9831613935452,422.2375030438352,530100
2022-01-06,404.18621826171875,409.60854415624806,393.0937454176114,400.81585796337515,519700
2022-01-07,387.0667419433594,401.37096565790847,386.3728309042293,400.69689966375483,513900
2022-01-10,389.1484680175781,389.4458411940301,376.3014022661488,384.69758113271575,557200
2022-01-11,396.0080871582031,396.9498191817331,383.6765101688161,388.504089290144,386700
2022-01-12,397.77264404296875,404.10696530240307,395.56209939346934,397.50500816993775,350500
2022-01-13,377.4612121582031,398.20878406636353,376.24192165093984,398.20878406636353,397300
2022-01-14,376.4698486328125,377.7981656061015,368.84687200316495,375.0523197267938,424300
2022-01-18,369.0912780761719,371.9078566116649,362.59526935445814,364.01350098311747,401300
2022-01-19,372.3541564941406,378.3046821735296,370.15246078212914,371.6202377461777,431700
2022-01-20,370.5094909667969,385.81225278581104,369.84503252456943,374.922809775612,743300
2022-01-21,364.7671813964844,381.6666813807037,363.35890738626216,376.5591533214937,654800
2022-01-24,380.35760498046875,381.92459375116294,357.42825000069456,361.1969345670419,880700
2022-01-25,375.2400817871094,382.5989108210449,370.1325540205981,373.4053608413246,683700
2022-01-26,375.4483337402344,385.08818420821035,371.4614631339785,375.4979093358029,757200
2022-01-27,380.69482421875,385.6535961505272,375.87491242871465,379.82210578214847,759600
2022-01-28,389.7891540527344,389.80897824110093,373.44503385556897,382.54936046126755,561500
2022-01-31,389.9775695800781,397.81242134215637,384.6816060305326,391.6833879353049,670300
2022-02-01,393.9644470214844,394.44049995533277,384.0270803716576,393.0520500640303,382500
2022-02-02,405.3597106933594,405.60764924680393,394.14297295680126,395.809112772124,340600
2022-02-03,398.83392333984375,403.6042583557951,396.7710880353518,397.17771086669484,242900
2022-02-04,397.4455261230469,402.32497047817685,394.1429977008465,396.8504675042351,184200
2022-02-07,397.415771484375,400.8869114223818,392.91319863318347,397.7033886965583,248000
2022-02-08,397.3860168457031,399.3595981379286,389.91810847882203,391.70325404037953,287500
2022-02-09,405.4092712402344,405.58777972825965,401.4918301349342,403.4852657156896,373500
2022-02-10,396.2554016113281,404.7646700924719,393.1115575629186,396.7909573850213,327400
2022-02-11,387.97430419921875,400.91668603919135,387.76601399940984,396.2058529935855,372600
2022-02-14,380.5162658691406,391.6536770653454,378.55261181147586,387.5974057881831,495300
2022-02-15,382.1922912597656,389.342830194022,377.5409618833053,384.65185244310555,502000
2022-02-16,376.1922302246094,379.7129457136966,368.3871291020077,377.699685792281,615000
2022-02-17,384.1063537597656,391.74287249451305,370.71767330742153,379.3756975623401,598100
2022-02-18,366.4432678222656,386.4072856996022,364.55894080212505,385.7428273016169,502500
2022-02-22,366.0862121582031,370.88629858509887,358.4695475931752,366.2052178129794,564500
2022-02-23,354.5422668457031,367.82187264233477,354.2447526353739,366.94912393744636,426300
2022-02-24,375.2599792480469,376.71785921119795,346.27099152511784,346.27099152511784,538100
2022-02-25,383.28326416015625,383.3824456378138,370.74747597948806,374.44673020795955,427200
2022-02-28,383.88818359375,385.87169189648205,376.2913734283089,382.0931110010523,537900
2022-03-01,378.4335632324219,385.32626719114364,375.4087249575509,385.32626719114364,410000
2022-03-02,381.5079650878906,384.32454313810103,376.44011609594514,380.9625124318812,256300
2022-03-03,388.013916015625,388.37096327740755,379.2170608209461,385.3163432941349,287900
2022-03-04,383.997314453125,389.02551555460434,378.04678920146273,387.8849740019532,460300
2022-03-07,369.80535888671875,382.0634278604242,365.75898427715015,382.0634278604242,298100
2022-03-08,355.692626953125,370.11274105678467,355.61329993655085,364.9853586817984,324500
2022-03-09,369.32928466796875,373.23679891910785,360.50267770445856,365.1837590767606,288500
2022-03-10,368.40692138671875,371.94749102443234,359.8183266741678,364.6184132074162,254400
2022-03-11,360.2150573730469,373.0285357674249,359.9869732627679,373.0285357674249,296800
2022-03-14,366.9689636230469,372.7707330969558,360.93911000023644,362.33748737970785,410300
2022-03-15,382.2518310546875,383.28326394305464,368.0895816590194,372.3144644241518,524300
2022-03-16,393.4884338378906,394.1033166427211,382.15265953003495,383.5312124929419,368100
2022-03-17,401.8984680175781,401.92821943336224,391.35611587964905,391.78259319380356,296900
2022-03-18,411.2705993652344,415.2971194634134,403.3762434912109,403.624182069995,678000
2022-03-21,409.2473449707031,414.5631629663212,406.9464680731082,409.2175935567659,286600
2022-03-22,410.0606994628906,414.55334575529474,406.3019417529899,407.69039188175685,318300
2022-03-23,399.81585693359375,406.7482100465717,397.6538094822928,404.7051985387994,242600
2022-03-24,405.0820007324219,405.51837498622325,395.2636102878268,401.39267402860565,191700
2022-03-25,401.8984680175781,406.61922776156825,396.9793755903395,406.61922776156825,360800
2022-03-28,403.2968444824219,405.87541148825295,398.7248720901916,403.9018302903677,230300
2022-03-29,410.70526123046875,416.3681694692221,408.80111003764694,411.11188410098345,278500
2022-03-30,414.5632019042969,414.6623531161105,405.8258494214999,410.48707621643655,398800
2022-03-31,407.3233947753906,418.4013034791751,407.3233947753906,415.72355479766236,798400
2022-04-01,413.59130859375,414.10700995156225,406.1729752815503,408.93005111874186,414600
2022-04-04,405.65728759765625,418.0046415754438,404.5366003201904,413.4128140128424,366900
2022-04-05,405.27044677734375,412.1631202391002,403.9018211524316,406.1630194952625,297900
2022-04-06,406.07373046875,407.4522529366527,395.31319237445507,401.8389210694713,296100
2022-04-07,416.9831237792969,420.5038395750228,404.6555943481313,404.6555943481313,340100
2022-04-08,410.1697082519531,417.22109668803887,409.51517708280716,414.4441969021728,233100
2022-04-11,395.2140808105469,408.52343657292386,394.56944658135853,408.52343657292386,311000
2022-04-12,381.3791198730469,399.27037666608726,380.4865470189889,395.4025407878757,288000
2022-04-13,383.82867431640625,384.26504855694964,378.97901233600214,380.99227201880865,509000
2022-04-14,378.0765380859375,387.39902153127554,376.4996525367163,386.03039589000605,258000
2022-04-18,369.3491516113281,379.6732872930842,366.6317242345964,379.6732872930842,308300
2022-04-19,368.1187438964844,371.9090843220013,363.47509692814657,367.33487070720105,833900
2022-04-20,368.8629150390625,374.86591741502804,363.6834533933973,370.28180210529837,578900
2022-04-21,362.3042297363281,374.111804774862,361.163136750625,371.6510542843841,349500
2022-04-22,347.0535888671875,362.0561886474224,346.5178044426074,360.1907843469911,341400
2022-04-25,346.2400207519531,348.016097575717,336.53597472289385,344.3448504282086,489600
2022-04-26,329.80865478515625,346.4980066899751,329.73919114182115,344.29524612571475,452100
2022-04-27,329.7787780761719,338.5997502059542,329.1735300537005,332.54711857839317,583300
2022-04-28,322.83319091796875,332.38840773885323,305.9652154670991,328.5087697514843,880100
2022-04-29,312.61322021484375,326.52432904142717,312.2659322825047,320.56102370049155,660800
2022-05-02,309.8250427246094,315.82804585171874,304.1494634689195,311.43245683636684,584300
2022-05-03,304.0700988769531,312.43462360970165,303.4449866583889,310.4898535923947,503500
2022-05-04,315.9670104980469,318.1797033109027,297.848807216186,301.99633824100863,758600
2022-05-05,312.3155517578125,316.5325458288162,306.3026167519568,316.05626265626034,592800
2022-05-06,303.9609069824219,311.1546022294241,300.7163132685735,308.2969639622749,593500
2022-05-09,294.5148620605469,301.67879175235396,293.33410134282457,299.9522842424198,439500
2022-05-10,293.95916748046875,300.44835411682726,287.06313111034154,297.7693412785031,457700
2022-05-11,288.54156494140625,297.72965923750496,288.1645415487492,291.06184716727097,389000
2022-05-12,293.6912841796875,295.2887964056353,285.88240871526904,287.0036377977111,446100
2022-05-13,302.6015930175781,304.56622716604176,296.6779550450869,297.6404232007706,310200
2022-05-16,301.0139465332031,305.1416425482306,299.4561322854013,300.6468248922524,326700
2022-05-17,302.5519104003906,308.7434389428009,299.18822365303595,305.9254988938688,376300
2022-05-18,291.7266540527344,301.57952790686977,290.9229471389874,298.9699483037234,416100
2022-05-19,299.8629455566406,301.4505255727703,288.71024817731336,291.15113466227774,423900
2022-05-20,298.3448181152344,304.1096934215129,292.01436233931764,302.58167534361985,374100
2022-05-23,300.98419189453125,301.19255251025777,295.1994822670717,301.1429529333707,491000
2022-05-24,298.384521484375,300.7658763242958,295.39788833748247,300.10109669793843,306600
2022-05-25,296.4695129394531,301.43068139323157,293.7607040626852,298.8707015139632,381500
2022-05-26,303.08770751953125,304.02040965073815,295.8245796092199,299.15847041650113,329300
2022-05-27,318.7154235839844,318.8741846322107,306.1438377758355,306.15373952345516,546500
2022-05-31,307.969482421875,316.88965316709914,307.503131399256,316.2744731544033,1160300
2022-06-01,306.18353271484375,311.68051716414914,302.99847027894884,310.6089178434866,353500
2022-06-02,315.5204772949219,315.77846782251953,304.2288496257708,306.7292986641399,306100
2022-06-03,307.4734802246094,311.46225004848304,306.1835578417479,311.46225004848304,362200
2022-06-06,306.6300048828125,312.02775908712914,305.66753690166047,310.2417503891801,252400
2022-06-07,313.9031066894531,314.59768254190635,304.7448070372266,304.7448070372266,279300
2022-06-08,309.5869140625,315.5998491757055,308.3565234149083,310.9958692671968,410200
2022-06-09,302.1749267578125,309.18999756553177,302.0062336678013,307.00710110783706,325400
2022-06-10,291.2305603027344,300.6964492119326,290.8733403790547,300.5575522220268,526200
2022-06-13,281.6653747558594,285.99152942118786,278.4604792937342,285.4656467729383,399700
2022-06-14,278.4307556152344,281.81427703590765,273.7474404163601,279.98857019213193,472200
2022-06-15,287.638671875,292.3319183867017,279.2939819526282,282.71717040687986,635900
2022-06-16,280.49462890625,281.5959940998862,277.3393320870682,281.1197411645098,371900
2022-06-17,280.6235656738281,289.4941381130833,280.34574142591157,284.31467655647504,855900
2022-06-21,286.2892150878906,287.11275581264266,283.28274790627285,284.10628863102494,370500
2022-06-22,286.5868835449219,290.01010236765876,283.76894310385404,284.18569463554206,620800
2022-06-23,296.57867431640625,297.4518448980921,288.34314595659794,288.65073600961375,235700
2022-06-24,298.8409423828125,299.753810722128,295.18952958669036,299.0195371837971,486400
2022-06-27,302.4527893066406,302.7603794385941,296.4795209674322,299.7539114890697,258100
2022-06-28,294.1576843261719,302.49244390305813,294.0088552816983,301.1529522222172,366800
2022-06-29,297.1938781738281,298.1563462400277,289.1369439853077,293.16541107956795,364800
2022-06-30,300.021728515625,302.2741186155947,292.0739261075902,296.8961981095057,553800
2022-07-01,305.35003662109375,306.223207257737,297.76938572042343,301.0834431599928,319100
2022-07-05,303.68310546875,304.42728089487036,295.8047658684431,300.0217599497918,431900
2022-07-06,313.0993957519531,314.865570886787,302.32375010787797,305.3599834264061,540100
2022-07-07,317.7727966308594,318.5070399303239,311.1347502921088,311.1347502921088,530400
2022-07-08,316.0066223144531,318.755098959338,314.3892764227018,314.3991781696239,463400
2022-07-11,313.4863586425781,316.592055375072,312.29566593446293,316.0066410490969,360100
2022-07-12,294.4651794433594,315.93713089568604,292.1929861094436,313.32755146237406,661400
2022-07-13,297.6701354980469,301.78789964965546,288.6209682237978,289.9604898896534,437600
2022-07-14,292.0838928222656,297.04506239911035,289.0079616285067,294.84230189576823,470000
2022-07-15,298.10675048828125,299.4958718695653,291.15118127266345,297.0252191885467,302600
2022-07-18,289.71246337890625,299.8629967387342,288.2538783429606,297.4221098371473,253600
2022-07-19,298.0424499511719,298.69773196200504,292.06552780279316,293.4356298626195,272800
2022-07-20,301.2393798828125,303.5328515010276,296.900648122806,299.1047672454189,357600
2022-07-21,314.33502197265625,314.33502197265625,305.77669505436995,306.24333384523777,646100
2022-07-22,311.3962097167969,316.4100695063688,307.3851037055875,315.40728542875326,323900
2022-07-25,311.26715087890625,312.5578385248836,307.58367050138924,310.66149907939825,341100
2022-07-26,311.1181945800781,312.28977583691506,303.2052413891004,309.5693573109083,353600
2022-07-27,318.2270202636719,320.5403686384367,308.06028592101205,310.6913220195412,444600
2022-07-28,337.48822021484375,338.3817755405978,313.80883743646007,314.1166172675614,816200
2022-07-29,341.10211181640625,342.6311028823658,335.7506885344234,336.42581642875604,554500
2022-08-01,336.614501953125,343.26655168958405,335.96915814052693,337.8257752333838,413200
2022-08-02,336.6741027832031,341.40002939410874,332.9807142524158,334.68841067631223,397600
2022-08-03,341.1914978027344,344.35867874354255,337.9846248401865,339.86108789237426,395900
2022-08-04,338.044189453125,340.27809277116756,335.3237710312167,340.2483086055638,282300
2022-08-05,339.2554931640625,339.40441400546,333.01048328791205,334.3011709790312,214000
2022-08-08,336.9321594238281,344.75578971626175,336.6641019470371,341.02270985382364,259700
2022-08-09,327.1327819824219,337.30945233569923,326.86472450035893,335.581910186123,287000
2022-08-10,336.4158935546875,337.07117546986166,331.7594439644627,332.31543523201924,267700
2022-08-11,335.3336486816406,344.3387668151698,334.8471639648047,338.43132254253,215000
2022-08-12,338.5406188964844,339.3944518596476,336.0287198849471,336.22727089302407,199200
2022-08-15,338.3817443847656,342.52189478928995,336.1081188069411,338.262607725535,232700
2022-08-16,331.5409851074219,335.77051783955307,329.06880880304874,335.77051783955307,357800
2022-08-17,325.90167236328125,330.25034232906324,324.69039913216966,329.366694918999,287800
2022-08-18,319.48785400390625,326.2789155451542,318.6538671794634,326.2789155451542,381900
2022-08-19,317.234130859375,319.0907782596234,313.86839880392534,318.4354962888159,354700
2022-08-22,309.2416687011719,315.10939075253475,307.4446203075195,312.7464130063846,318000
2022-08-23,307.4942626953125,308.3183416727679,304.0490865745844,307.63327565025645,237300
2022-08-24,308.3580627441406,309.8473315770137,304.25763467566844,309.8473315770137,434500
2022-08-25,312.4287414550781,312.81596590085314,307.2659609395111,312.43867960986796,265500
2022-08-26,301.59674072265625,312.72656332745055,300.7925380940214,312.24004830944176,250800
2022-08-29,299.41253662109375,302.1924929404885,296.37443067945117,299.2834618099698,345400
2022-08-30,294.2994384765625,300.852198144978,293.3264384431233,300.633770802747,324000
2022-08-31,294.5674743652344,297.90342229327223,292.60162842954844,297.1190957895012,508400
2022-09-01,293.981689453125,294.44832825778286,289.48409854833886,293.7136016572927,244400
2022-09-02,289.26568603515625,299.8593358097615,287.89555371733917,297.2680223124376,314200
2022-09-06,288.9181823730469,292.8995044788288,285.61201856622336,289.0671032113263,327400
2022-09-07,296.6623840332031,297.3474502233602,286.8828747983576,288.2331308663877,253300
2022-09-08,305.92559814453125,306.01495063556985,293.3661041388161,294.47808664851965,311600
2022-09-09,311.26715087890625,313.51096217574775,306.0547095175094,306.799343997709,304700
2022-09-12,310.6316833496094,314.54349851206103,310.27427337907136,311.76354218814936,314800
2022-09-13,290.8641052246094,304.1980477192152,290.5662635959734,303.016558760209,354600
2022-09-14,288.739501953125,294.617133732234,286.6147968152376,291.2116789768332,306000
2022-09-15,271.7717590332031,288.5706971610892,271.6129000299593,284.84752448922086,950700
2022-09-16,266.1422119140625,271.4440042363897,264.40473196520213,271.4440042363897,794600
2022-09-19,267.9988708496094,268.0385931670781,259.440544539757,263.8785666653075,574500
2022-09-20,261.8035583496094,266.7181580601644,259.89728074027306,264.88138694110575,319600
2022-09-21,256.35284423828125,266.16213707246715,255.96561976231425,263.1041847847542,342100
2022-09-22,251.29920959472656,255.47909722078683,249.88937032871013,254.80396932563465,467500
2022-09-23,252.42112731933594,252.7388301046719,247.16896443549743,249.4227286940484,371600
2022-09-26,251.02122497558594,256.19395866215166,249.3830201882663,251.40843426174771,730500
2022-09-27,244.6273193359375,254.34727477177535,242.95934536865624,253.8607899394653,456500
2022-09-28,250.12765502929688,251.56729367357428,244.8159386663237,246.26548516590015,476800
2022-09-29,249.472412109375,250.70353142127732,245.8385922089085,248.47956613545261,395600
2022-09-30,244.3195343017578,252.68921842638701,244.04153864646747,250.07804386779364,539700
2022-10-03,254.09901428222656,256.20384249688175,243.61456522486014,247.26824558857462,439100
2022-10-04,259.28167724609375,260.57239497876515,256.9087915155798,257.5839193946236,474600
2022-10-05,257.81231689453125,259.817854772555,253.21542022472445,255.74718038518196,355100
2022-10-06,254.42669677734375,258.0605163608018,253.62247888293837,256.8889351863467,741500
2022-10-07,248.0327606201172,251.0311442168774,245.9974235722431,251.0311442168774,522900
2022-10-10,244.06137084960938,249.29365750129242,243.9819413647183,249.29365750129242,329500
2022-10-11,237.96531677246094,243.2571876539844,235.19528315924344,243.2472646480687,781300
2022-10-12,237.40931701660156,240.4871454994194,237.2107508579484,239.58365205547668,356000
2022-10-13,247.62570190429688,248.58876364840415,230.2608214946795,231.22388323878678,1034800
2022-10-14,245.75914001464844,251.51764916146607,243.96209139176526,250.30637597318415,859900
2022-10-17,253.4934539794922,256.89890856810985,251.18012092689452,252.04389211941648,417400
2022-10-18,259.7384338378906,262.79641655989906,255.92590874101177,260.68164968054884,678600
2022-10-19,241.89698791503906,256.68046358174337,241.2119217820218,255.45925214913566,1058300
2022-10-20,229.64523315429688,241.74802570022592,229.17859442326744,240.725395753406,889700
2022-10-21,231.21395874023438,236.10868177024008,225.5845242881378,231.21395874023438,862100
2022-10-24,234.9272003173828,234.9272003173828,229.40697934212238,233.4478695698329,891800
2022-10-25,247.42715454101562,247.60585954646072,235.08607107198713,238.17382269073983,831000
2022-10-26,252.57998657226562,258.60656835382247,248.2213937519339,248.3306074050476,1002400
2022-10-27,219.64727783203125,228.98996069008854,204.71488327564572,206.01550888369434,2378300
2022-10-28,223.8966827392578,225.57459480377446,216.73827198721705,216.73827198721705,1293800
2022-10-31,228.45382690429688,229.73459133315703,220.50112227170945,222.1393269477222,1164200
2022-11-01,227.85813903808594,229.74454022953103,223.16198207017678,228.5134209823411,954000
2022-11-02,217.95948791503906,226.38875616983586,217.56235556259676,226.1603906750348,962600
2022-11-03,207.84234619140625,213.56114797183898,207.2962779450628,211.337167818379,1069200
2022-11-04,214.04763793945312,214.24620408395663,205.50917252879663,210.44361772531863,774000
2022-11-07,224.32359313964844,224.53208228376963,213.66042328688667,215.80497395274244,758700
2022-11-08,223.14112854003906,230.58380887797247,221.51149138921198,225.08875106779698,690900
2022-11-09,220.11038208007812,224.7707507087387,219.44461729918038,221.49159874900434,499100
2022-11-10,241.20623779296875,241.50433009456032,230.59371214742038,233.16734343366403,610300
2022-11-11,249.34449768066406,251.9280757094787,241.21619008767922,242.05087892934174,962900
2022-11-14,240.7789764404297,248.37070295431496,240.7789764404297,247.31740292642058,890600
2022-11-15,246.12496948242188,250.98407133830318,244.35621765184757,247.5260640154516,565700
2022-11-16,238.5829315185547,247.5956147372602,237.0725314101594,246.70130746231797,547200
2022-11-17,220.5277557373047,235.81058398031018,220.46813726579092,235.81058398031018,1776600
2022-11-18,223.57833862304688,224.74094416440155,217.8547386127524,224.5720201280382,1766500
2022-11-21,223.82676696777344,224.800570631868,220.59730196157915,223.24049849792712,1029800
2022-11-22,227.08602905273438,227.08602905273438,219.40487540228213,223.68764018605677,1281400
2022-11-23,226.61898803710938,230.75270648940253,225.91348270172733,227.52324179149392,545900
2022-11-25,225.21791076660156,226.66869245933154,222.06794216316146,226.36065361366929,362600
2022-11-28,222.76353454589844,224.85027197774258,220.71655286911724,223.43924592056698,555900
2022-11-29,222.0878143310547,224.26397923303045,220.41843669590284,221.74996626142294,315100
2022-11-30,233.17730712890625,233.43565886344217,221.07425843433057,222.69396415004542,1028700
2022-12-01,240.49078369140625,241.49439647623845,231.4880323706702,234.84666529026606,618200
2022-12-02,242.8061065673828,245.28036406317872,234.09151463455734,234.09151463455734,896800
2022-12-05,237.9271240234375,240.2722131989687,234.7672086603846,238.4239648219621,602100
2022-12-06,233.50521850585938,237.46006658572134,233.0183091179038,236.76449257605358,608900
2022-12-07,234.39952087402344,235.38327098577358,229.34168584100314,233.2269840197539,472100
2022-12-08,234.53866577148438,236.0987531543515,231.8358506187502,233.29656377711675,708500
2022-12-09,237.49981689453125,240.58023570076588,230.03727406684436,231.180001760757,691300
2022-12-12,239.75547790527344,241.02738904834837,235.89005736716456,238.2649556130097,462400
2022-12-13,250.30833435058594,253.6868601507214,247.76451243570136,248.68864400646584,572800
2022-12-14,242.04095458984375,249.41406989637892,238.98041358597263,246.43302523626284,861200
2022-12-15,235.58203125,238.83137426819133,234.21074581505403,237.96686098154478,637300
2022-12-16,224.67140197753906,234.42934680368072,223.81683524771435,232.53141142568748,1590600
2022-12-19,226.78793334960938,228.4473796998817,222.73371085191397,224.68133333936277,568900
2022-12-20,226.35072326660156,228.20891815484958,222.96228055984608,225.58559935734783,520100
2022-12-21,233.19717407226562,235.16467441764726,228.53682043516437,228.95416485808192,376700
2022-12-22,233.7735137939453,234.32004167377607,227.69218761715186,230.2459564545533,348800
2022-12-23,233.6443328857422,234.26041055570988,230.6930976564193,233.51514944047432,337000
2022-12-27,235.2341766357422,236.13843028359076,230.09684598720085,233.34618817665884,340700
2022-12-28,229.77891540527344,238.04633759676543,229.20257831607216,236.31734149153797,299400
2022-12-29,237.46998596191406,240.83856543242555,232.4717695385198,232.4717695385198,381200
2022-12-30,233.86289978027344,234.78701611038713,229.79873174403488,233.5051739061451,247800
2023-01-03,232.9288787841797,239.36793051303698,230.3055602900248,236.80423048155305,432400
2023-01-04,239.61634826660156,241.65339830575275,235.3236522150174,237.03277038830606,661200
2023-01-05,232.22335815429688,237.8575303096898,231.80601375342067,235.9496636932374,516800
2023-01-06,231.03097534179688,235.36342778695968,224.23419673845413,233.89278324315305,755900
2023-01-09,239.2089385986328,240.70940733838034,233.92256100585075,234.62806636620294,644900
2023-01-10,244.3760986328125,248.301152922465,239.54682080986228,239.79524119971992,542300
2023-01-11,249.7618408203125,252.15660161343934,247.37699622094604,248.9072741589553,558500
2023-01-12,246.52243041992188,249.08613041294052,240.46098259542694,249.08613041294052,423700
2023-01-13,249.11595153808594,250.6859701434566,244.07799416654748,244.614575510531,774900
2023-01-17,251.44114685058594,251.73925431736635,246.07527309804104,247.66516947928613,649400
2023-01-18,252.90185546875,257.1051236751417,251.2622871730468,252.4149612716277,915900
2023-01-19,253.17015075683594,255.46555240908143,246.9795197610261,251.63988804279734,476200
2023-01-20,257.9100646972656,257.95976697550066,252.653495347076,254.6905457981443,515200
2023-01-23,262.4411926269531,263.8323709136973,255.32646014636757,256.787173087648,597700
2023-01-24,256.88250732421875,259.48785238401126,254.26725410557304,259.48785238401126,456500
2023-01-25,259.0105285644531,259.0503129323985,252.00996678853699,253.8595453924437,465900
2023-01-26,268.5766296386719,269.12356608981474,260.8899314050185,262.242326841138,666900
2023-01-27,267.1148986816406,270.75439508976274,265.61334960530604,268.10929561238703,423600
2023-01-30,260.35302734375,266.0210719818184,259.6171529350781,263.0776653868941,435800
2023-01-31,264.1117858886719,264.15157025616924,257.49905349489046,261.0689342266121,748400
2023-02-01,270.0682067871094,271.71890901595054,262.2124786158911,265.4939757169759,408700
2023-02-02,280.30059814453125,281.92146991874876,273.4591427362579,273.4591427362579,942200
2023-02-03,271.3509826660156,274.94074027019434,268.0396245838733,274.4037878892359,466300
2023-02-06,266.66741943359375,269.72019473193427,265.56362313821177,267.9203388421505,579700
2023-02-07,270.85382080078125,272.2559240109259,263.65439726605996,264.5195176763105,377300
2023-02-08,263.58477783203125,270.5753864078779,262.54064294140767,268.7456998626875,519100
2023-02-09,265.9314880371094,267.97001937150605,264.20124758214905,265.25530560029466,770300
2023-02-10,269.62078857421875,271.112383916152,263.0378556406886,263.0378556406886,1025300
2023-02-13,271.7785949707031,273.3298515965843,268.4274825116318,271.27144287688634,800100
2023-02-14,274.4932861328125,275.0501458825822,269.86934733541966,271.7387877258863,598700
2023-02-15,277.6156921386719,277.6156921386719,271.261512348633,272.69344617247486,668600
2023-02-16,317.9782409667969,327.22614904118547,310.24183538916503,310.82852583587635,1566600
2023-02-17,311.962158203125,317.50095553612664,305.6875169657927,315.4027625557024,1040400
2023-02-21,304.96160888671875,307.6763231248569,302.33641706720084,307.6763231248569,794500
2023-02-22,303.83795166015625,306.7018195028148,302.0878338036526,304.5738259800459,558900
2023-02-23,310.2816467285156,311.8527803931293,302.72422462752866,304.21581989693726,835500
2023-02-24,308.5115966796875,312.08147742836394,305.14057707628064,312.08147742836394,625300
2023-02-27,311.2063903808594,314.3188569837809,310.1424089491189,311.2461747468789,468500
2023-02-28,315.25360107421875,317.27222526692526,310.241832947072,310.241832947072,1051200
2023-03-01,316.4966735839844,319.4301568507258,313.19526828544303,313.63280538990455,534700
2023-03-02,320.8918762207031,322.8607625654917,313.3543310898264,313.3543310898264,548700
2023-03-03,327.41510009765625,329.0359717372022,323.1789600185074,323.32811346919954,476600
2023-03-06,321.5879211425781,328.5188680975265,321.5282597619166,327.16650300708886,327200
2023-03-07,319.88751220703125,322.71159550558014,318.28651756285655,321.19016960028415,475000
2023-03-08,317.9284973144531,321.7071924358692,316.4369023433819,319.6885684555493,296800
2023-03-09,313.54327392578125,322.9204291049828,313.28472102927316,319.71846997713544,459500
2023-03-10,312.78753662109375,314.189639909008,307.69622928564036,312.7378289141136,961100
2023-03-13,319.420166015625,322.49284872369384,310.08276477505825,311.96218943878296,550900
2023-03-14,326.72894287109375,327.1167418179601,320.8918388855049,323.17893923995564,516900
2023-03-15,323.765625,324.0042705023197,316.8446323135125,322.01547705877664,478600
2023-03-16,334.5250549316406,335.06203773889087,321.62772630410956,322.4729697135665,509100
2023-03-17,327.87249755859375,336.3348236103149,326.8283931099338,333.9681544903332,1123600
2023-03-20,330.0999755859375,332.04901529546913,326.7090786267098,328.18079691514686,425100
2023-03-21,333.1528015136719,335.24104113141107,331.39272987620143,331.50209897190035,456400
2023-03-22,327.0968933105469,335.58905067406806,326.8880784748078,332.69535227820984,534000
2023-03-23,329.9905700683594,333.6499428530314,326.4803507280065,329.0260039996549,438200
2023-03-24,332.42681884765625,333.29196950467684,325.1677347667254,328.98621461597435,272400
2023-03-27,333.9482727050781,337.1005239958246,332.6157845998999,334.35597904530607,302700
2023-03-28,337.9059753417969,338.08495948323247,332.64560775467186,332.64560775467186,297400
2023-03-29,336.0862731933594,343.06692846518473,335.69844383829883,340.76987406753597,566400
2023-03-30,338.9600524902344,342.231626653565,335.9967692720675,339.6064043793026,383400
2023-03-31,344.52862548828125,346.666572321641,341.01840635496086,341.913357314672,431400
2023-04-03,345.0954895019531,345.96060990143945,339.03961635896525,340.919010615335,341200
2023-04-04,346.1495666503906,349.36144921270966,345.49326105538614,346.2887664360421,338400
2023-04-05,344.8170471191406,347.7604531760495,343.68342019078614,346.0898738204998,343800
2023-04-06,342.7884521484375,344.42920073229504,338.0054061629727,343.93200235254545,462100
2023-04-10,347.830078125,348.1283850374785,340.5013782914741,341.8338664115167,302000
2023-04-11,352.8218994140625,358.947386878953,352.304824042059,353.07049859520293,351600
2023-04-12,356.7597351074219,360.7273990428958,356.3321517592952,357.4558250179492,403600
2023-04-13,364.6851501464844,366.0375458618308,357.50560251234936,358.65910668683676,477300
2023-04-14,361.8908386230469,367.4495133773456,359.83242985874165,362.0797764524227,304700
2023-04-17,360.43902587890625,362.6267110781049,358.37069379232304,362.16926667953754,323900
2023-04-18,360.0313720703125,362.308549676346,356.42170613816427,362.308549676346,278100
2023-04-19,365.580078125,365.73915491845395,357.0083516549893,359.44463611360624,310600
2023-04-20,359.3849182128906,363.0641678279524,357.59498592888446,359.6235637121264,588400
2023-04-21,363.82989501953125,364.9336608677403,360.83675103128337,361.14501160222,244700
2023-04-24,369.88580322265625,369.97529529894877,364.3768360915059,366.22643004130333,271700
2023-04-25,355.1811218261719,366.75187303379425,354.47474770431853,366.69218115657253,503200
2023-04-26,355.4099426269531,358.67322998275984,351.09205834508094,354.24589035688854,465100
2023-04-27,353.41021728515625,358.76281198167123,339.7601170771202,353.19133693229185,946900
2023-04-28,359.3995056152344,366.36384125723896,354.5841686147853,354.9721961743592,1032600
2023-05-01,364.26458740234375,366.1847468439553,359.0214184062176,359.8372478264779,380500
2023-05-02,367.73681640625,368.7516390350289,362.62302000553956,364.1153776482436,421300
2023-05-03,366.5528869628906,374.8006589290623,366.2942322772883,371.59706322041586,425300
2023-05-04,367.2890625,369.1594582445507,363.20994625753383,366.6224628445999,258700
2023-05-05,366.58270263671875,370.07482904393805,361.23010866212815,369.7266062074249,269900
2023-05-08,365.2097473144531,366.5031421495472,361.8668807836927,363.32939248142384,344300
2023-05-09,359.8869934082031,363.97603834835735,359.0015133922043,361.7872655849045,353000
2023-05-10,360.8719482421875,364.79187643011255,359.1805975719123,363.7969714151487,308600
2023-05-11,358.26531982421875,362.01610098729566,355.5989815380724,360.1556333744839,510100
2023-05-12,358.1856689453125,359.4790635967598,354.4647341505012,358.44435394801985,410300
2023-05-15,353.370361328125,359.7178602785308,352.952518218226,358.07627305117217,436900
2023-05-16,352.7535400390625,354.1265138969012,349.6792870088161,353.37037632601186,340900
2023-05-17,346.2866516113281,355.2606842925459,343.88892678119333,353.25098700833456,384500
2023-05-18,348.9529724121094,349.8484112080126,342.7348161188441,346.4557814909561,256000
2023-05-19,349.59967041015625,354.7234249101997,349.4902150756615,350.79353815153405,254500
2023-05-22,349.13214111328125,352.7734673741742,347.8188589812987,348.64461692607904,407000
2023-05-23,341.0633850097656,350.24636920828317,339.89936314755823,347.65961010257905,440600
2023-05-24,338.9144287109375,340.47643706230497,332.9748438309418,336.9743819118214,508400
2023-05-25,338.4666748046875,340.0187240916209,337.123547055048,339.95903222382265,296800
2023-05-26,341.7499084472656,344.37647253577495,338.29758646913695,340.2277048293642,341000
2023-05-30,334.6363220214844,342.993518428543,334.3776369907737,341.30216768666884,474100
2023-05-31,332.9251403808594,335.0641805427113,328.4779128095411,334.11900843389174,1150100
2023-06-01,339.78985595703125,339.8893525155469,332.00969265724353,333.0145562827041,491300
2023-06-02,341.97869873046875,342.177661508647,338.257733469659,340.9439890528343,385900
2023-06-05,341.6504211425781,347.10251227426676,341.5011914430629,341.6802670824812,436400
2023-06-06,344.4261779785156,346.2070665002189,340.3371024787725,341.74988099387565,349900
2023-06-07,342.9636535644531,347.0925032510636,341.96874856227754,343.4710648314319,279100
2023-06-08,347.968017578125,348.1272060187524,339.8297021093754,342.08812548896515,368600
2023-06-09,346.5055236816406,349.2116665859068,346.0478758678426,348.73410123970973,266400
2023-06-12,355.56915283203125,356.146184438125,345.4907591815842,347.68949097945256,329300
2023-06-13,355.9969177246094,358.05637838082004,353.47980926549343,355.02189988511515,311100
2023-06-14,352.88287353515625,359.42933538483135,351.2313275137518,356.80280184914545,278200
2023-06-15,357.9668273925781,359.45918497819827,350.1369294512927,351.15175204125376,422900
2023-06-16,360.1954345703125,372.5422099448303,359.80740702510457,364.9610079224832,1129700
2023-06-20,364.2446594238281,365.1201806924533,354.82293810639106,355.350236548346,429100
2023-06-21,367.0204772949219,368.6023727258921,362.1653356551148,362.2349862974949,338800
2023-06-22,366.79168701171875,373.08942311457093,365.4584874211458,369.6271423377135,241600
2023-06-23,365.1301574707031,368.2342564037998,363.02096359883444,363.93625925239223,606600
2023-06-26,363.2099914550781,365.39876433314686,360.5635403963715,365.21968871224976,341300
2023-06-27,367.4582214355469,367.7567111628571,361.2102190395467,364.66254072033274,323500
2023-06-28,367.3288879394531,370.7513637677231,364.7122827791445,366.622513849704,268700
2023-06-29,375.43731689453125,375.4970391245799,364.45358812080065,366.1250211478349,258100
2023-06-30,380.5213317871094,385.15759291603234,376.8202838245666,378.17334010489145,355200
2023-07-03,376.40240478515625,378.09375547265574,371.98505440685557,377.29784359741586,154800
2023-07-05,375.1090393066406,380.2527116307495,372.96999958132295,374.7409293063603,260800
2023-07-06,371.3283996582031,374.72102931125124,369.07990466911133,371.62685900981234,300900
2023-07-07,369.70672607421875,371.3284261786631,366.9110452868109,369.6072294958794,330600
2023-07-10,375.3776550292969,377.91468106869365,370.4528933565124,371.5572233641111,278500
2023-07-11,373.42767333984375,378.56138725460585,371.3582841091793,377.08891678906986,219900
2023-07-12,381.56597900390625,382.19277405181447,373.606738496308,377.08890621838225,272700
2023-07-13,381.70526123046875,387.40607788978383,380.4417427933205,383.98360221341164,224700
2023-07-14,383.1677551269531,385.54556221183367,381.02871551848835,381.4366301987587,194500
2023-07-17,381.6654968261719,383.78464958720684,378.4519727241038,383.2275051496317,148100
2023-07-18,382.6305236816406,383.33689775494685,377.16850475658146,381.7848483296613,314000
2023-07-19,383.6552734375,384.84917162028745,379.69557084336935,381.665463374249,254100
2023-07-20,376.82025146484375,384.78944986515705,376.4819874238112,383.9537333469432,237800
2023-07-21,375.3975830078125,383.5358990787949,375.01951422860674,378.0042293965351,845000
2023-07-24,374.14398193359375,376.84016605472186,372.1740590502601,373.46745380230044,332200
2023-07-25,375.3982238769531,381.7986900259676,371.28718397681916,371.79485177756874,333400
2023-07-26,377.6777038574219,377.8469062002894,367.34536430908616,372.71059745000645,357000
2023-07-27,353.27020263671875,373.69598900635305,348.9799976858213,373.58647835813395,1021900
2023-07-28,363.7817687988281,365.3147054965127,354.1959856988427,357.202137049394,499700
2023-07-31,366.3499450683594,366.61869427505246,361.33308056801303,364.21975750532744,574300
2023-08-01,369.95330810546875,371.2672538394901,363.3437849906503,365.18529570277184,443400
2023-08-02,368.87823486328125,369.3958663969111,364.3192801876611,367.7633829099822,420300
2023-08-03,368.0222473144531,370.34153459051754,366.57889356214565,368.23127448896224,302400
2023-08-04,373.34765625,375.0000370442852,367.0168460756639,369.1171725854107,383100
2023-08-07,376.96099853515625,378.3247025507795,372.75041201859386,374.7412278959859,259600
2023-08-08,398.03375244140625,398.1233355071876,385.82010843419494,390.2994439878951,793200
2023-08-09,398.31243896484375,399.1087834590358,394.64934542386925,394.7190312628804,357400
2023-08-10,398.4120178222656,406.6938189623981,397.53605399701945,400.15398167283143,349000
2023-08-11,392.9273376464844,398.15322955933374,392.2703647321476,395.9633502223185,281900
2023-08-14,398.0537109375,398.2328770829695,391.5536676782632,392.9671603732175,353100
2023-08-15,400.28338623046875,402.21447999893246,396.60036482609445,398.95947670369225,263000
2023-08-16,395.6646728515625,401.1294828295169,395.6447756296213,399.5268603288252,265200
2023-08-17,391.06591796875,399.6164686470307,390.2198151324893,397.287217680314,299300
2023-08-18,385.98931884765625,389.5727934411334,384.605717632812,387.92041264587897,307300
2023-08-21,390.87677001953125,391.4839846396742,386.0490355902846,388.10953725041236,369800
2023-08-22,391.37445068359375,394.52990693022485,388.28868027696046,391.5337195846873,340800
2023-08-23,391.2650146484375,394.2810995561533,390.21981806258253,393.5146159843717,543200
2023-08-24,389.9211730957031,396.1524360993704,389.8216262329491,391.5735538096207,280500
2023-08-25,391.9219665527344,393.8430965245892,386.7657305024408,390.11031686958904,329700
2023-08-28,401.5177307128906,401.69689686704055,393.3951975728955,393.3951975728955,218600
2023-08-29,410.5162048339844,410.6555461536107,400.0445239182953,400.83087434337637,267900
2023-08-30,407.2412414550781,413.82090292534076,406.922703662878,412.74584547102427,309600
2023-08-31,405.031494140625,409.64023787051804,404.82246697404145,407.09199591498395,428300
2023-09-01,405.81787109375,408.52538194304236,402.8017862089909,408.52538194304236,258000
2023-09-05,401.8162841796875,404.79254381192595,400.8407735896443,404.55365565821563,264000
2023-09-06,402.99090576171875,404.2749904946346,398.6807724217338,402.16470017004013,394800
2023-09-07,402.0054016113281,404.18534724328003,400.07433832048406,403.4288579303777,230200
2023-09-08,391.3545837402344,401.4679319113298,390.1899431010126,401.4679319113298,304300
2023-09-11,395.3262634277344,398.3124872940561,390.56821461582604,391.95184625505965,210300
2023-09-12,392.0115661621094,394.5697718842114,388.8959344181989,392.84770519482197,239400
2023-09-13,393.4548645019531,393.70371647366727,387.7113719306679,388.63709397485945,280000
2023-09-14,396.0727844238281,397.0980533123102,390.1401620388951,396.1723312860709,219600
2023-09-15,392.3698425292969,398.7603740237455,391.4341567594331,396.2817879247749,648100
2023-09-18,392.7879943847656,394.5100307459786,389.7121873765469,391.4640847620168,229000
2023-09-19,390.8070983886719,397.0283980398818,390.47862713316147,393.42502614229136,291400
2023-09-20,382.5750732421875,392.9074122288514,381.7289704415232,392.9074122288514,286000
2023-09-21,372.5811767578125,380.2756910072491,370.3614365112449,380.2756910072491,362000
2023-09-22,370.7994384765625,374.6715597446941,369.66465879168464,372.2825866544851,381400
2023-09-25,373.8752136230469,374.0842407765361,368.6692193658865,370.3414973486769,201300
2023-09-26,373.6761169433594,376.46327727012266,371.7848480222146,373.87521067292755,235500
2023-09-27,373.4571533203125,377.33923831146575,366.75807715200347,377.199896992522,295500
2023-09-28,377.3392333984375,378.52377129251835,373.8553055634797,374.82085249283705,194800
2023-09-29,373.4870300292969,378.63330279470983,373.1386311511454,378.63330279470983,228500
2023-10-02,368.87823486328125,371.62557030350916,363.9708813578958,371.62557030350916,345700
2023-10-03,367.1362609863281,372.9295419171563,365.6829740427397,368.4999952468686,262300
2023-10-04,372.0635986328125,372.4916167794747,365.2351143778864,368.79866162890124,301600
2023-10-05,371.01837158203125,373.12863132220986,364.1301360291984,371.05816602349546,360800
2023-10-06,375.826171875,377.0107096040167,367.2258641571314,368.5497431838606,310100
2023-10-09,381.1516418457031,381.3507051988283,372.32237865136074,372.4119617168828,189100
2023-10-10,385.5016174316406,388.3485001699929,378.4640754275851,380.84311518063737,210800
2023-10-11,390.4089660644531,390.82705079362233,381.51997984923526,385.65091700432765,349000
2023-10-12,383.1922302246094,392.6187445859452,380.8928403245183,390.6976145616162,289700
2023-10-13,383.2917785644531,389.4035978911368,382.405881295004,384.46635264189774,201700
2023-10-16,384.038330078125,388.77648153379994,381.61949610488824,385.85994359681376,393000
2023-10-17,384.8047790527344,388.8959213864367,379.51916544551455,380.65394505166694,322200
2023-10-18,373.3277282714844,383.2818074721899,372.4915892639178,381.6493542795424,344500
2023-10-19,367.6340026855469,375.1393870909111,366.54901167160193,374.0145712535128,367400
2023-10-20,361.99005126953125,367.9624988462387,360.4272535297074,367.6140999954429,348400
2023-10-23,368.8484191894531,371.15777302088316,357.0727560132056,361.00462973156755,392600
2023-10-24,368.0222473144531,371.6953052680354,363.2741620859538,369.7243864903391,281800
2023-10-25,356.35601806640625,362.5872810639899,351.3789787079369,360.4770212363889,572100
2023-10-26,325.81689453125,330.96313594294054,315.11626047944395,326.4937645574308,1037700
2023-10-27,319.44635009765625,326.93180735391707,317.5451171642001,324.2342601680184,486700
2023-10-30,318.3912048339844,322.6117556298324,308.9945807732313,322.6117556298324,732100
2023-10-31,316.8283386230469,326.97154594153824,316.40029020725063,321.0388939290355,674400
2023-11-01,320.20281982421875,322.26332155688226,312.97617881445933,316.8980581627642,565500
2023-11-02,326.25494384765625,330.12706526689016,321.45706987873376,322.8705322622287,500400
2023-11-03,333.461669921875,338.70745898745395,330.66457595660614,330.66457595660614,334300
2023-11-06,331.50067138671875,337.0948585811654,330.5251607686815,337.0948585811654,289100
2023-11-07,329.08038330078125,332.4966766582763,327.99474038523726,332.4966766582763,436000
2023-11-08,343.9208984375,344.53844775954263,329.53856774345513,332.6261927708909,534100
2023-11-09,334.6978759765625,343.2336245821265,334.687906189607,343.2336245821265,813900
2023-11-10,340.2854309082031,341.9985623790233,333.8313317263561,335.375128809498,413400
2023-11-13,336.7795104980469,340.5245027496926,332.95485114124915,336.4707510725857,492800
2023-11-14,346.09222412109375,349.4288203701772,341.44086207787234,345.7635250736355,281600
2023-11-15,344.59820556640625,351.39094414940416,343.62210863421274,345.2655126398462,406800
2023-11-16,342.85516357421875,352.9745883957388,342.06831030678245,346.610095331191,357600
2023-11-17,341.3810729980469,344.8870033450305,339.89703371294826,344.08024087769707,353900
2023-11-20,347.6360168457031,347.85513940919026,341.55043400746155,341.7496169951895,275400
2023-11-21,351.0821533203125,352.17776602474976,346.79933957969325,348.6718357662421,566500
2023-11-22,349.7674560546875,357.05819720040006,349.0602698781263,355.0960640767193,502000
2023-11-24,351.84912109375,352.9347640844091,348.90092118233554,350.74353852804614,114800
2023-11-27,352.4865417480469,353.84112580767834,349.74752505823403,350.73359173563796,339900
2023-11-28,351.0124206542969,355.3649616732137,349.3391076034268,350.9426929447422,468200
2023-11-29,347.52642822265625,354.5482583912235,347.15788046886695,354.0104066383739,378300
2023-11-30,349.3591003417969,349.9467402781401,345.1858324588996,346.83920618969097,640500
2023-12-01,350.385009765625,353.75151539428293,347.5662953576654,348.910909730656,271800
2023-12-04,349.4786376953125,352.6060811550905,345.42488542877066,347.8651126190779,435700
2023-12-05,342.0981750488281,347.6160566869246,339.0404293963136,347.02841680640944,366200
2023-12-06,341.5603942871094,345.71375345947575,340.05644561436714,343.63210417689623,276100
2023-12-07,339.8273010253906,343.2236852473472,336.12215736468266,341.74958537521456,389500
2023-12-08,340.87310791015625,340.9029868764496,336.9488415599381,339.2297039726379,470700
2023-12-11,342.7555847167969,345.04638659293363,338.9508341124986,341.6798811051354,628700
2023-12-12,346.3809814453125,348.6020856764996,340.0264889587888,343.29338728872955,339300
2023-12-13,358.2434387207031,359.90678215165286,346.6001258911297,346.6001258911297,425300
2023-12-14,356.5801086425781,367.4863558254867,354.98649300430617,360.29519147406734,712200
2023-12-15,356.7694091796875,362.49644444733997,354.85706402925257,358.17375107971765,1081800
2023-12-18,354.7873229980469,359.93668788923674,354.19968304880285,359.0203489066754,253800
2023-12-19,356.8789367675781,360.6239293620773,353.71164472215895,356.5701773138501,371600
2023-12-20,348.0941162109375,360.27528014836815,347.50647633699435,356.7195315457912,445100
2023-12-21,352.34710693359375,354.9167891463107,349.2793913044827,350.6140357524806,320300
2023-12-22,353.5124206542969,358.9306960074974,351.49052958506275,353.87099863868866,479600
2023-12-26,355.9128112792969,357.12793992057567,352.23754638869525,353.8112530268514,236300
2023-12-27,354.4586486816406,357.9247303874611,352.4766063086827,355.81320236076743,223000
2023-12-28,353.5124206542969,357.37692899841556,352.27738287674276,355.84307116791956,197100
2023-12-29,350.71368408203125,355.1160446819082,349.43879741347297,354.12003852223154,254500
